fov,line,cellID,parentID,frame,tTrans,w,L,growthRateL2_0,area,growthRatearea2_0,V,growthRateV2_0,SA,growthRateSA2_0,beta2SA_V_2_0,Itot,xCM,yCM,orientation
2,8188,16,4,22,-494.650000,0.992098,1.714321,0.014530,1.489551,0.017935,1.069588,0.020786,5.343142,0.016065,0.080251,169214.000000,21.084080,7.107183,-0.020168
2,8188,16,4,23,-489.650000,0.999195,1.838866,0.012989,1.623130,0.016280,1.180751,0.019101,5.772320,0.014800,0.072353,178506.000000,21.161393,7.054571,-0.054703
2,8188,16,4,24,-484.650000,1.010003,1.953173,0.011032,1.753793,0.012605,1.295126,0.013715,6.197450,0.011284,0.053994,227502.000000,21.321766,7.031395,-0.093447
2,8188,16,4,25,-479.650000,1.002745,2.054339,0.009252,1.844197,0.010477,1.358383,0.011349,6.471613,0.009395,0.044757,240866.000000,21.261080,7.071874,0.007248
2,8188,16,4,26,-474.650000,1.010725,2.143250,0.007570,1.947006,0.009038,1.449290,0.010231,6.805428,0.008272,0.038841,253732.000000,21.312873,7.091632,0.004520
2,8188,16,4,27,-469.650000,1.010186,2.216581,0.006964,2.020163,0.006630,1.506664,0.005996,7.034527,0.005754,0.026864,230780.000000,21.450444,7.085254,-0.022174
2,8188,16,4,28,-464.650000,0.998897,2.297606,0.006926,2.080944,0.005902,1.539624,0.004552,7.210184,0.004986,0.023351,254211.000000,21.465564,7.118835,-0.027430
2,8188,16,4,29,-459.650000,0.990694,2.375706,0.007739,2.142972,0.007287,1.576752,0.006512,7.394047,0.006392,0.029977,266252.000000,21.523636,7.115205,-0.014585
2,8188,16,4,30,-454.650000,0.985516,2.481466,0.009651,2.237095,0.008092,1.642304,0.006148,7.682845,0.006963,0.032574,272313.000000,21.548501,7.121681,-0.032440
2,8188,16,4,31,-449.650000,0.965084,2.615197,0.010627,2.324008,0.008171,1.677719,0.005250,7.929018,0.006935,0.032774,284253.000000,21.630953,7.119232,-0.040279
2,8188,16,4,32,-444.650000,0.949691,2.759371,0.011494,2.426997,0.009894,1.730388,0.007860,8.232697,0.008756,0.041659,295554.000000,21.872493,7.038174,0.007767
2,8188,16,4,33,-439.650000,0.938953,2.932353,0.012624,2.564141,0.011707,1.813736,0.010375,8.649877,0.010626,0.050675,299251.000000,21.910528,7.032943,0.001210
2,8188,16,4,34,-434.650000,0.930839,3.129557,0.013091,2.727169,0.013370,1.918565,0.013284,9.151814,0.012422,0.059256,314203.000000,22.473914,7.043556,0.012882
2,8188,16,4,35,-429.650000,0.932132,3.342033,0.013931,2.928756,0.015535,2.068603,0.016816,9.786745,0.014692,0.069509,323608.000000,22.026106,7.045922,-0.014923
2,8188,16,4,36,-424.650000,0.937597,3.595149,0.014081,3.182147,0.015926,2.266431,0.017457,10.589684,0.015165,0.070855,369873.000000,22.008883,7.052908,-0.011773
2,8188,17,4,22,-494.650000,1.055357,1.747105,0.016389,1.604800,0.018665,1.220568,0.020179,5.792528,0.016200,0.076879,176956.000000,22.755299,6.965986,-0.070360
2,8188,17,4,23,-489.650000,1.054432,1.890273,0.015044,1.754564,0.016737,1.343718,0.017756,6.261711,0.014641,0.068227,198700.000000,23.002345,6.897441,-0.070441
2,8188,17,4,24,-484.650000,1.051272,2.031480,0.013548,1.898465,0.014432,1.459157,0.014717,6.709302,0.012629,0.058071,226682.000000,23.266282,6.891305,-0.018980
2,8188,17,4,25,-479.650000,1.044975,2.165488,0.011970,2.028542,0.012098,1.558460,0.011700,7.109051,0.010554,0.048141,252895.000000,23.300762,6.955281,-0.054372
2,8188,17,4,26,-474.650000,1.036566,2.290690,0.010430,2.143868,0.010700,1.641500,0.010541,7.459558,0.009466,0.043017,275379.000000,23.463604,6.905952,-0.060819
2,8188,17,4,27,-469.650000,1.034624,2.404396,0.009251,2.257925,0.009942,1.731494,0.010291,7.815167,0.008972,0.040494,269703.000000,23.643078,6.902122,-0.055898
2,8188,17,4,28,-464.650000,1.033630,2.513120,0.008483,2.368358,0.007748,1.819679,0.006677,8.160715,0.006776,0.030388,296637.000000,23.749255,6.953541,-0.056531
2,8188,17,4,29,-459.650000,1.017603,2.617584,0.009053,2.441437,0.007750,1.852990,0.006055,8.368136,0.006706,0.030285,308232.000000,23.905672,6.931115,-0.054765
2,8188,17,4,30,-454.650000,1.009513,2.750102,0.009686,2.557559,0.008221,1.931872,0.006388,8.721887,0.007188,0.032451,308348.000000,24.036300,6.966660,-0.066659
2,8188,17,4,31,-449.650000,0.992805,2.883958,0.009881,2.651685,0.008056,1.976391,0.005841,8.995039,0.007037,0.032029,315665.000000,24.255683,6.959472,-0.057678
2,8188,17,4,32,-444.650000,0.981114,3.035078,0.010240,2.771185,0.009426,2.047312,0.008266,9.354902,0.008529,0.038974,344750.000000,24.664182,6.877379,-0.084396
2,8188,17,4,33,-439.650000,0.975725,3.194749,0.010453,2.912886,0.010985,2.145615,0.011229,9.792958,0.010230,0.046689,351315.000000,24.851204,6.857196,-0.077530
2,8188,17,4,34,-434.650000,0.978510,3.369032,0.010526,3.091154,0.013212,2.288246,0.015715,10.356674,0.012644,0.057229,360710.000000,25.628715,6.905796,-0.099208
2,8188,17,4,35,-429.650000,0.995677,3.549380,0.010162,3.321285,0.013858,2.505206,0.017321,11.102498,0.013435,0.059542,372069.000000,25.338307,6.889877,-0.092719
2,8188,20,1,23,-489.650000,1.082967,1.850242,0.015922,1.752062,0.013348,1.371794,0.009869,6.294971,0.010404,0.047744,198455.000000,25.036441,6.894723,-0.058239
2,8188,20,1,24,-484.650000,1.055295,1.997535,0.016286,1.868999,0.014042,1.439485,0.010904,6.622445,0.011327,0.052110,201865.000000,25.468678,6.882490,-0.072645
2,8188,20,1,25,-479.650000,1.030784,2.175551,0.016450,2.014505,0.014970,1.528763,0.012691,7.045091,0.012659,0.058338,232040.000000,25.612823,6.814332,-0.099062
2,8188,20,1,26,-474.650000,1.015476,2.355420,0.016735,2.170578,0.016499,1.633502,0.015572,7.514291,0.014559,0.066971,252827.000000,25.920360,6.869158,-0.047683
2,8188,20,1,27,-469.650000,1.008175,2.569739,0.016379,2.372622,0.016758,1.783130,0.016548,8.139072,0.015134,0.069080,283205.000000,26.259595,6.817405,-0.077636
2,8188,20,1,28,-464.650000,1.002754,2.776317,0.014834,2.568178,0.015874,1.928573,0.016447,8.746079,0.014598,0.066200,304722.000000,26.511674,6.862027,-0.066695
2,8188,20,1,29,-459.650000,1.005221,2.981571,0.014531,2.780289,0.016974,2.100315,0.019048,9.415787,0.015941,0.071464,332240.000000,26.884916,6.804847,-0.058893
2,8188,20,1,30,-454.650000,1.016257,3.209556,0.014540,3.040099,0.017183,2.328632,0.019462,10.247044,0.016251,0.071513,350865.000000,27.208500,6.805675,-0.063335
2,8188,20,1,31,-449.650000,1.022902,3.448239,0.014764,3.302665,0.017225,2.553506,0.019346,11.081055,0.016324,0.070840,404186.000000,27.601840,6.818018,-0.058735
2,8188,20,1,32,-444.650000,1.031969,3.718646,0.015306,3.608986,0.018160,2.822624,0.020693,12.055951,0.017315,0.073957,470498.000000,28.210884,6.730384,-0.055548
2,8188,20,1,33,-439.650000,1.043381,4.017413,0.014874,3.958066,0.017639,3.137592,0.020077,13.168586,0.016898,0.070923,508617.000000,28.683743,6.714987,-0.054046
2,8188,21,1,23,-489.650000,1.056459,2.051119,0.015899,1.927404,0.016157,1.489291,0.015676,6.807587,0.013979,0.063899,222169.000000,26.919068,6.849884,-0.045628
2,8188,21,1,24,-484.650000,1.047064,2.214175,0.015075,2.083105,0.015287,1.606018,0.014850,7.283411,0.013393,0.060738,255963.000000,27.481493,6.776018,-0.050294
2,8188,21,1,25,-479.650000,1.038795,2.384901,0.015674,2.245848,0.015563,1.727784,0.014816,7.783057,0.013757,0.061973,271798.000000,27.778114,6.661910,-0.106136
2,8188,21,1,26,-474.650000,1.027525,2.587979,0.015604,2.432635,0.014866,1.862010,0.013526,8.354164,0.013191,0.059184,287879.000000,28.304419,6.702156,-0.140831
2,8188,21,1,27,-469.650000,1.014159,2.788721,0.015669,2.607484,0.015920,1.979640,0.015637,8.885071,0.014475,0.064968,309815.000000,28.848311,6.652839,-0.033918
2,8188,21,1,28,-464.650000,1.014436,3.024933,0.016771,2.847759,0.017305,2.171565,0.017327,9.640297,0.015953,0.070820,330810.000000,29.337786,6.676249,-0.047961
2,8188,21,1,29,-459.650000,1.006585,3.296033,0.016509,3.100300,0.018229,2.355899,0.019539,10.422980,0.017089,0.075607,364533.000000,29.898463,6.661530,-0.052700
2,8188,21,1,30,-454.650000,1.018635,3.569075,0.015300,3.412911,0.018319,2.631884,0.020972,11.421531,0.017485,0.075881,413598.000000,30.502466,6.629838,-0.052148
2,8188,22,2,23,-489.650000,0.952627,2.066230,0.017843,1.773595,0.019632,1.246371,0.020734,6.183739,0.017655,0.087595,196425.000000,28.941691,6.621556,-0.056282
2,8188,22,2,24,-484.650000,0.951807,2.250566,0.016399,1.947688,0.017710,1.375581,0.018426,6.729618,0.016040,0.078473,214469.000000,29.694423,6.621640,-0.091015
2,8188,22,2,25,-479.650000,0.949350,2.435296,0.015324,2.118536,0.016419,1.499831,0.016994,7.263203,0.014987,0.072576,239490.000000,30.201746,6.647579,-0.058700
2,8188,22,2,26,-474.650000,0.948488,2.623742,0.015078,2.295525,0.015602,1.630460,0.015632,7.818128,0.014275,0.068447,255776.000000,30.982421,6.628540,-0.038503
2,8188,22,2,27,-469.650000,0.942167,2.830902,0.015006,2.476686,0.015647,1.754699,0.015836,8.379203,0.014441,0.068958,281369.000000,31.783874,6.603164,-0.107139
2,8188,22,2,28,-464.650000,0.942665,3.048534,0.014590,2.683047,0.015959,1.908327,0.016942,9.028140,0.014945,0.070703,297343.000000,32.512818,6.592961,-0.112339
2,8188,22,2,29,-459.650000,0.945347,3.275685,0.015508,2.904874,0.017241,2.078011,0.018599,9.728444,0.016265,0.076146,324518.000000,33.254549,6.563757,-0.105784
2,8188,22,2,30,-454.650000,0.949637,3.556529,0.015793,3.183883,0.017526,2.294818,0.018895,10.610457,0.016625,0.076870,354777.000000,34.139838,6.521943,-0.078912
2,8188,24,21,31,-449.650000,1.092978,1.964854,0.023874,1.891179,0.024071,1.501675,0.023075,6.746703,0.020479,0.092007,240025.000000,30.184317,6.671041,-0.108234
2,8188,24,21,32,-444.650000,1.076400,2.199403,0.021949,2.118792,0.023443,1.674933,0.024016,7.437524,0.020674,0.091801,280836.000000,31.127099,6.559562,-0.055645
2,8188,24,21,33,-439.650000,1.077373,2.447601,0.021537,2.387884,0.022457,1.903933,0.022537,8.284315,0.020097,0.087443,304743.000000,31.818045,6.547928,-0.048367
2,8188,24,21,34,-434.650000,1.062658,2.726542,0.020333,2.655044,0.020145,2.104023,0.019205,9.102390,0.018073,0.078188,328744.000000,33.149791,6.559337,-0.033653
2,8188,24,21,35,-429.650000,1.052850,3.001976,0.018662,2.922746,0.017889,2.308006,0.016484,9.929415,0.016178,0.069599,354544.000000,33.399489,6.534579,-0.003809
2,8188,24,21,36,-424.650000,1.037094,3.286777,0.017345,3.177879,0.015918,2.484466,0.013933,10.708739,0.014446,0.062268,369471.000000,34.141304,6.538360,-0.040677
2,8188,24,21,37,-419.650000,1.022678,3.572053,0.016676,3.428616,0.013684,2.654157,0.010215,11.476432,0.012329,0.053311,420656.000000,34.960665,6.497756,-0.028483
2,8188,24,21,38,-414.650000,0.993984,3.882451,0.015695,3.647068,0.011671,2.755591,0.007156,12.123707,0.010446,0.045960,397053.000000,35.838809,6.449843,-0.045639
2,8188,24,21,39,-409.650000,0.970056,4.181398,0.014299,3.854247,0.010751,2.851351,0.006717,12.742894,0.009718,0.043431,444898.000000,36.899643,6.437567,-0.030765
2,8188,28,20,34,-434.650000,1.070342,2.161083,0.017404,2.067242,0.016735,1.623469,0.015255,7.266808,0.014367,0.064307,259692.000000,28.602121,6.796790,-0.039169
2,8188,28,20,35,-429.650000,1.055390,2.349136,0.014419,2.240221,0.014845,1.747301,0.014684,7.788808,0.013144,0.058592,284830.000000,28.457580,6.779962,-0.036856
2,8188,28,20,36,-424.650000,1.055676,2.499797,0.012737,2.399812,0.014032,1.880036,0.014876,8.290585,0.012766,0.056296,308346.000000,28.841060,6.790729,-0.044128
2,8188,28,20,37,-419.650000,1.055711,2.667538,0.012126,2.576970,0.012399,2.026982,0.012236,8.847193,0.011198,0.048874,326177.000000,29.246707,6.780429,-0.030259
2,8188,28,20,38,-414.650000,1.046421,2.823256,0.010969,2.719326,0.011380,2.128047,0.011422,9.281252,0.010369,0.045225,340909.000000,29.731066,6.759890,-0.050464
2,8188,28,20,39,-409.650000,1.048798,2.977209,0.010607,2.886435,0.011141,2.270047,0.011340,9.809598,0.010251,0.044299,374017.000000,30.245921,6.769845,-0.029290
2,8188,28,20,40,-404.650000,1.043123,3.139042,0.011242,3.040898,0.010234,2.385464,0.008855,10.286854,0.009227,0.039788,380521.000000,30.751914,6.653536,0.017579
2,8188,28,20,41,-399.650000,1.028381,3.330095,0.011473,3.197651,0.010087,2.481287,0.008317,10.758719,0.009099,0.039454,417049.000000,31.325930,6.663731,0.012160
2,8188,28,20,42,-394.650000,1.018436,3.521103,0.010849,3.363431,0.009858,2.591830,0.008530,11.265811,0.009002,0.039130,427175.000000,31.946784,6.648652,0.011616
2,8188,29,20,34,-434.650000,1.101066,2.190654,0.017627,2.151883,0.018985,1.736417,0.019589,7.577695,0.016767,0.073173,282300.000000,30.705579,6.658974,-0.017465
2,8188,29,20,35,-429.650000,1.096719,2.383723,0.015989,2.356154,0.016305,1.906490,0.015957,8.212989,0.014392,0.061999,289284.000000,30.753660,6.661427,-0.013982
2,8188,29,20,36,-424.650000,1.084182,2.571799,0.015001,2.536044,0.014812,2.040638,0.014022,8.759696,0.013127,0.056349,327020.000000,31.252982,6.618619,0.063809
2,8188,29,20,37,-419.650000,1.076108,2.769511,0.015778,2.731782,0.015184,2.192625,0.014002,9.362867,0.013560,0.057904,342648.000000,31.825864,6.582985,0.057805
2,8188,29,20,38,-414.650000,1.061044,3.008766,0.015414,2.950831,0.014463,2.347659,0.012965,10.029323,0.012997,0.055523,364698.000000,32.482648,6.565801,0.050943
2,8188,29,20,39,-409.650000,1.050082,3.233275,0.015244,3.158568,0.014932,2.496997,0.014138,10.666346,0.013668,0.058384,391073.000000,33.230694,6.558005,0.019792
2,8188,29,20,40,-404.650000,1.044213,3.501660,0.016549,3.422482,0.017047,2.700682,0.017090,11.487171,0.015865,0.067480,425933.000000,33.953718,6.470999,0.006245
2,8188,29,20,41,-399.650000,1.042624,3.812783,0.017080,3.742012,0.017961,2.958549,0.018421,12.488768,0.016883,0.071267,466215.000000,34.793037,6.458950,-0.020364
2,8188,29,20,42,-394.650000,1.042081,4.152868,0.017583,4.094581,0.019095,3.245677,0.020228,13.595632,0.018119,0.075896,536152.000000,35.689944,6.461680,-0.025577
2,8188,29,20,43,-389.650000,1.047640,4.542980,0.017174,4.523872,0.018979,3.615084,0.020437,14.952122,0.018144,0.075046,633366.000000,36.662920,6.389996,-0.035460
2,8188,31,17,36,-424.650000,0.936351,1.860200,0.007764,1.553647,0.011302,1.066010,0.014691,5.472025,0.010695,0.054898,168416.000000,26.504587,6.812680,0.018500
2,8188,31,17,37,-419.650000,0.949558,1.932414,0.007634,1.641442,0.012084,1.144316,0.016439,5.764633,0.011652,0.058697,175736.000000,26.770875,6.792460,0.019626
2,8188,31,17,38,-414.650000,0.974045,2.007713,0.008310,1.751996,0.013315,1.254122,0.018159,6.143705,0.012878,0.063087,190717.000000,27.157591,6.740232,0.036540
2,8188,31,17,39,-409.650000,0.994056,2.099259,0.009168,1.874723,0.013485,1.372054,0.017583,6.555816,0.012867,0.061479,212614.000000,27.581634,6.774503,0.006838
2,8188,31,17,40,-404.650000,1.010878,2.200171,0.009866,2.004808,0.013229,1.495372,0.016298,6.987227,0.012435,0.058101,243838.000000,27.921060,6.724553,-0.168578
2,8188,31,17,41,-399.650000,1.020291,2.316337,0.010558,2.139940,0.012948,1.615765,0.014999,7.424649,0.012000,0.055140,268830.000000,28.340067,6.723194,-0.145223
2,8188,31,17,42,-394.650000,1.025759,2.444721,0.012579,2.281894,0.013738,1.737715,0.014445,7.878152,0.012499,0.056666,279195.000000,28.704511,6.773515,-0.143629
2,8188,31,17,43,-389.650000,1.020170,2.623853,0.013756,2.453429,0.014649,1.866776,0.015073,8.409338,0.013351,0.060145,308079.000000,29.150742,6.708008,-0.141693
2,8188,31,17,44,-384.650000,1.021179,2.805659,0.014657,2.641292,0.016480,2.019099,0.017868,9.000916,0.015286,0.068145,339923.000000,29.707936,6.712025,-0.125117
2,8188,31,17,45,-379.650000,1.026245,3.035085,0.015800,2.888726,0.018148,2.227556,0.020071,9.785245,0.017003,0.074692,386336.000000,30.202075,6.687956,-0.120466
2,8188,31,17,46,-374.650000,1.033329,3.285195,0.016006,3.165543,0.018328,2.466186,0.020242,10.664727,0.017261,0.074642,440354.000000,30.867705,6.698641,-0.121417
2,8188,31,17,47,-369.650000,1.039257,3.560898,0.016240,3.468907,0.018049,2.726758,0.019455,11.626057,0.017019,0.072563,497896.000000,31.551049,6.682176,-0.099656
2,8188,31,17,48,-364.650000,1.041681,3.863470,0.015663,3.791639,0.017023,2.996666,0.018014,12.643350,0.016092,0.067895,535600.000000,32.388705,6.647251,-0.088872
2,8188,32,16,37,-419.650000,0.930807,1.890225,0.015808,1.573503,0.020878,1.075113,0.025542,5.527427,0.019377,0.099622,180037.000000,21.197989,7.057553,-0.006473
2,8188,32,16,38,-414.650000,0.946202,2.039624,0.014703,1.737764,0.017536,1.212415,0.019827,6.062950,0.016089,0.080458,199164.000000,21.232598,7.052028,-0.038645
2,8188,32,16,39,-409.650000,0.945133,2.190105,0.013401,1.878242,0.014703,1.315501,0.015519,6.502911,0.013325,0.065871,231325.000000,21.257494,7.022969,-0.059901
2,8188,32,16,40,-404.650000,0.945398,2.333118,0.011797,2.013918,0.012379,1.416567,0.012536,6.929488,0.011206,0.054818,243649.000000,21.368936,7.107908,0.035829
2,8188,32,16,41,-399.650000,0.939878,2.465341,0.010792,2.127547,0.009905,1.493086,0.008611,7.279447,0.008772,0.042769,263994.000000,21.395035,7.133737,0.036736
2,8188,32,16,42,-394.650000,0.926826,2.599183,0.009185,2.224647,0.008620,1.545140,0.007715,7.568071,0.007725,0.037836,281567.000000,21.442909,7.149983,0.025798
2,8188,32,16,43,-389.650000,0.925720,2.704069,0.008329,2.319305,0.008777,1.612293,0.008970,7.864063,0.008098,0.039500,292929.000000,21.480844,7.132362,0.019336
2,8188,32,16,44,-384.650000,0.924695,2.824403,0.008491,2.428212,0.008857,1.689766,0.008972,8.204928,0.008194,0.039785,315005.000000,21.537519,7.141456,0.017527
2,8188,32,16,45,-379.650000,0.922999,2.943885,0.008826,2.534378,0.009899,1.763900,0.010746,8.536345,0.009290,0.044961,328521.000000,21.543611,7.142537,0.001744
2,8188,32,16,46,-374.650000,0.928640,3.084242,0.008618,2.679083,0.010217,1.879315,0.011614,8.997991,0.009697,0.046429,356041.000000,21.635546,7.161847,0.006065
2,8188,32,16,47,-369.650000,0.933099,3.209675,0.009518,2.808098,0.011401,1.982168,0.013079,9.408901,0.010853,0.051516,379935.000000,21.678904,7.149337,0.000143
2,8188,32,16,48,-364.650000,0.940838,3.389731,0.011241,2.999228,0.012778,2.138567,0.014051,10.019131,0.012127,0.056813,398657.000000,21.789029,7.163854,-0.003722
2,8188,32,16,49,-359.650000,0.941786,3.590715,0.012158,3.191343,0.012818,2.282668,0.013189,10.623880,0.012090,0.056270,416070.000000,21.898998,7.139878,-0.007492
2,8188,32,16,50,-354.650000,0.940348,3.826288,0.013114,3.408281,0.013694,2.439639,0.013980,11.303588,0.012954,0.060020,471294.000000,22.017880,7.129532,-0.000713
2,8188,32,16,51,-349.650000,0.940201,4.092502,0.013607,3.658071,0.014411,2.623734,0.014936,12.088140,0.013710,0.063166,512528.000000,22.156288,7.072639,0.013413
2,8188,32,16,52,-344.650000,0.941238,4.383147,0.013285,3.935461,0.014100,2.831515,0.014659,12.960900,0.013467,0.061645,559358.000000,22.285822,7.055419,0.007503
2,8188,32,16,53,-339.650000,0.941938,4.674812,0.012318,4.212976,0.013627,3.038810,0.014731,13.833629,0.013103,0.059649,605830.000000,22.681412,6.980904,0.015018
2,8188,32,16,54,-334.650000,0.948292,4.958979,0.011444,4.509579,0.013384,3.279155,0.015153,14.773534,0.012958,0.058380,627774.000000,22.993578,6.963808,0.007981
2,8188,32,16,55,-329.650000,0.956210,5.242306,0.010809,4.816529,0.012746,3.535712,0.014512,15.748013,0.012376,0.055122,693068.000000,23.028164,6.974072,0.007512
2,8188,33,16,37,-419.650000,1.000595,1.867256,0.014358,1.653510,0.015256,1.206019,0.015493,5.869650,0.013268,0.064575,198229.000000,23.030899,7.035531,0.065141
2,8188,33,16,38,-414.650000,0.995505,2.001310,0.010001,1.779638,0.011501,1.299442,0.012623,6.259042,0.010332,0.049764,221888.000000,23.185048,7.015691,0.078100
2,8188,33,16,39,-409.650000,1.003287,2.067409,0.007119,1.858189,0.008322,1.370041,0.009253,6.516304,0.007553,0.035925,243616.000000,23.337973,6.975435,0.134640
2,8188,33,16,40,-404.650000,1.000232,2.148486,0.006262,1.934283,0.006529,1.426218,0.006537,6.751232,0.005778,0.027352,231042.000000,23.464358,6.913003,-0.103921
2,8188,33,16,41,-399.650000,0.998378,2.201950,0.004862,1.984472,0.005085,1.463274,0.005114,6.906408,0.004525,0.021355,247909.000000,23.619500,6.917313,-0.085248
2,8188,33,16,42,-394.650000,0.996859,2.255535,0.006427,2.035195,0.005976,1.501043,0.005249,7.063718,0.005181,0.024383,253852.000000,23.734688,6.952475,-0.049375
2,8188,33,16,43,-389.650000,0.986353,2.346907,0.008488,2.106094,0.007256,1.542062,0.005646,7.272404,0.006190,0.029193,269300.000000,23.843077,6.881858,-0.035575
2,8188,33,16,44,-384.650000,0.974336,2.454747,0.009117,2.188019,0.008021,1.588108,0.006542,7.513895,0.006970,0.032978,284971.000000,24.036650,6.909100,0.043766
2,8188,33,16,45,-379.650000,0.965329,2.570712,0.010184,2.281605,0.009231,1.645955,0.007887,7.796127,0.008165,0.038673,295619.000000,24.089285,6.908960,0.076617
2,8188,33,16,46,-374.650000,0.955025,2.716542,0.011968,2.398633,0.012339,1.717928,0.012322,8.150441,0.011294,0.053582,312298.000000,24.326097,6.934498,0.090828
2,8188,33,16,47,-369.650000,0.958131,2.895836,0.013690,2.577582,0.015426,1.857645,0.016790,8.716630,0.014435,0.067735,327637.000000,24.574928,6.927141,0.077477
2,8188,33,16,48,-364.650000,0.962062,3.112988,0.013709,2.796260,0.013966,2.029823,0.013832,9.408717,0.012953,0.060040,342652.000000,24.810247,6.924149,0.070787
2,8188,33,16,49,-359.650000,0.951818,3.322607,0.013382,2.968097,0.012553,2.138407,0.011333,9.935339,0.011554,0.053682,435075.000000,25.206915,6.937035,0.073189
2,8188,33,16,50,-354.650000,0.944532,3.557621,0.013130,3.168833,0.013296,2.272169,0.013132,10.556658,0.012455,0.057866,463313.000000,25.524370,6.925046,0.061350
2,8188,33,16,51,-349.650000,0.944936,3.789712,0.011361,3.389417,0.010108,2.436780,0.008587,11.250156,0.009366,0.043243,427990.000000,25.860437,6.914309,0.039855
2,8188,33,16,52,-344.650000,0.926670,3.988153,0.010287,3.511419,0.009412,2.481424,0.008261,11.610389,0.008779,0.041077,463816.000000,26.275141,6.921675,0.023605
2,8188,33,16,53,-339.650000,0.929880,4.199987,0.010087,3.719923,0.011210,2.641778,0.012140,12.269440,0.010743,0.049895,505380.000000,26.874779,6.836259,0.016230
2,8188,36,28,43,-389.650000,1.011083,1.647645,0.025480,1.446521,0.035265,1.052300,0.044480,5.233599,0.032219,0.160243,179579.000000,31.636964,6.577352,-0.059307
2,8188,36,28,44,-384.650000,1.041305,1.857552,0.021302,1.701582,0.026908,1.286330,0.031629,6.076715,0.024495,0.115714,208846.000000,32.411221,6.551818,-0.062355
2,8188,36,28,45,-379.650000,1.047162,2.043332,0.018141,1.904378,0.021611,1.459158,0.024399,6.722064,0.019536,0.090001,300469.000000,32.812903,6.640159,-0.099127
2,8188,36,28,46,-374.650000,1.055681,2.228230,0.017210,2.113135,0.019584,1.642352,0.021296,7.389971,0.017712,0.079698,320306.000000,33.610500,6.618650,-0.172694
2,8188,36,28,47,-369.650000,1.053378,2.426803,0.016197,2.318218,0.016524,1.808916,0.016216,8.030983,0.014726,0.065380,320855.000000,34.437288,6.591324,-0.187192
2,8188,36,28,48,-364.650000,1.040996,2.621293,0.014633,2.496197,0.013558,1.935684,0.011908,8.572636,0.011949,0.052920,339544.000000,35.539459,6.558854,-0.177999
2,8188,36,28,49,-359.650000,1.025632,2.810370,0.015534,2.656660,0.014715,2.039410,0.013324,9.055340,0.013190,0.058566,353060.000000,36.682264,6.518358,-0.160904
2,8188,36,28,50,-354.650000,1.016707,3.057857,0.016239,2.887113,0.015755,2.207413,0.014749,9.767039,0.014365,0.063562,397556.000000,38.081311,6.454128,-0.142866
2,8188,36,28,51,-349.650000,1.006680,3.306924,0.015063,3.111536,0.014425,2.364986,0.013326,10.458408,0.013221,0.058467,400284.000000,39.304075,6.386530,-0.125231
2,8188,40,30,48,-364.650000,0.889428,1.966433,0.023837,1.579234,0.027907,1.037570,0.031175,5.494651,0.025485,0.134963,191480.000000,27.520812,6.763378,0.026537
2,8188,40,30,49,-359.650000,0.895980,2.200799,0.020554,1.799594,0.024487,1.199302,0.027806,6.194818,0.022716,0.117337,230697.000000,27.881430,6.746975,0.009324
2,8188,40,30,50,-354.650000,0.908281,2.418784,0.019236,2.019895,0.023418,1.371043,0.027073,6.901878,0.021968,0.110589,256395.000000,28.344262,6.729213,0.011923
2,8188,40,30,51,-349.650000,0.920644,2.666068,0.017761,2.272606,0.021327,1.570491,0.024425,7.711036,0.020098,0.098682,270941.000000,28.787877,6.754056,0.089408
2,8188,40,30,52,-344.650000,0.930141,2.892305,0.016784,2.504585,0.020093,1.754635,0.022998,8.451670,0.019010,0.091566,329776.000000,29.477077,6.753341,0.069663
2,8188,40,30,53,-339.650000,0.941107,3.151511,0.017600,2.775841,0.020842,1.974018,0.023676,9.317681,0.019786,0.093394,372467.000000,30.268241,6.676310,0.070364
2,8188,40,30,54,-334.650000,0.950717,3.446965,0.017997,3.083118,0.020579,2.222005,0.022750,10.295278,0.019548,0.090573,419333.000000,31.128215,6.641169,0.044931
2,8188,40,30,55,-329.650000,0.956162,3.771870,0.018754,3.410322,0.021251,2.479526,0.023364,11.330219,0.020254,0.092552,460463.000000,31.811488,6.646949,0.029499
2,8188,40,30,56,-324.650000,0.964672,4.154324,0.018412,3.807853,0.020880,2.801313,0.022974,12.590122,0.020014,0.089951,506731.000000,32.694418,6.568939,0.026506
2,8188,41,30,48,-364.650000,1.027205,2.139334,0.020198,1.971097,0.023871,1.489141,0.026835,6.903757,0.021692,0.100565,262725.000000,29.504684,6.657470,-0.043934
2,8188,41,30,49,-359.650000,1.034173,2.355385,0.017894,2.206357,0.019151,1.688945,0.019723,7.652533,0.017258,0.078194,297163.000000,30.017518,6.640109,-0.043008
2,8188,41,30,50,-354.650000,1.022298,2.560808,0.016294,2.393631,0.015897,1.822243,0.014875,8.224406,0.014168,0.063945,342529.000000,30.714080,6.589210,-0.067147
2,8188,41,30,51,-349.650000,1.012317,2.772633,0.015877,2.586863,0.013697,1.960003,0.010950,8.817773,0.012052,0.054221,371897.000000,31.388917,6.604730,-0.148246
2,8188,41,30,52,-344.650000,0.985059,3.001029,0.014784,2.747953,0.010878,2.036857,0.006403,9.287146,0.009343,0.042599,345996.000000,32.172330,6.553386,-0.068983
2,8188,41,30,53,-339.650000,0.958547,3.216302,0.012948,2.885799,0.009480,2.090420,0.005525,9.685461,0.008264,0.038289,376853.000000,33.289573,6.468171,-0.060976
2,8188,41,30,54,-334.650000,0.939571,3.417482,0.013230,3.021518,0.010629,2.152344,0.007606,10.087552,0.009569,0.044848,391664.000000,34.378574,6.419022,-0.057836
2,8188,41,30,55,-329.650000,0.924165,3.668432,0.013539,3.206949,0.013302,2.254120,0.012719,10.650743,0.012448,0.058817,401299.000000,35.361747,6.419467,-0.052984
2,8188,41,30,56,-324.650000,0.928165,3.914163,0.012556,3.448111,0.013988,2.439036,0.015163,11.413369,0.013364,0.062535,419368.000000,36.531324,6.404473,0.020717
2,8188,46,33,54,-334.650000,0.892496,2.083208,0.013588,1.688315,0.020988,1.117155,0.028359,5.841024,0.020217,0.105706,227131.000000,26.291025,6.785249,0.013061
2,8188,46,33,55,-329.650000,0.920197,2.224744,0.013107,1.865485,0.018631,1.275564,0.023814,6.431473,0.017822,0.089861,241334.000000,26.596413,6.814105,-0.008663
2,8188,46,33,56,-324.650000,0.936550,2.374795,0.012409,2.035881,0.016964,1.420918,0.021243,6.987259,0.016163,0.079478,268020.000000,27.092908,6.726249,-0.014948
2,8188,46,33,57,-319.650000,0.955247,2.519426,0.011651,2.210851,0.013677,1.577406,0.015323,7.560792,0.012769,0.061203,298193.000000,27.644461,6.668750,-0.050366
2,8188,46,33,58,-314.650000,0.948692,2.668321,0.011607,2.338270,0.011283,1.662626,0.010560,7.952676,0.010210,0.048835,313167.000000,28.208111,6.698616,0.017135
2,8188,46,33,59,-309.650000,0.942022,2.829151,0.011471,2.474684,0.011595,1.752972,0.011359,8.372731,0.010643,0.050834,326609.000000,28.689323,6.684130,0.021265
2,8188,46,33,60,-304.650000,0.940594,2.992861,0.011468,2.625204,0.012058,1.861744,0.012325,8.843790,0.011210,0.053251,339499.000000,29.304841,6.630367,-0.009744
2,8188,46,33,61,-299.650000,0.939576,3.172380,0.012042,2.791242,0.012367,1.982425,0.012364,9.364124,0.011517,0.054401,364285.000000,30.071989,6.603346,-0.018963
2,8188,46,33,62,-294.650000,0.935843,3.374874,0.012657,2.970403,0.013172,2.106844,0.013366,9.922255,0.012348,0.058152,395223.000000,30.735617,6.586118,-0.026261
2,8188,46,33,63,-289.650000,0.936414,3.599554,0.012595,3.182496,0.013522,2.264022,0.014162,10.589286,0.012789,0.059815,423002.000000,31.549011,6.497805,-0.042339
2,8188,46,33,64,-284.650000,0.937619,3.828225,0.012360,3.400755,0.011487,2.427464,0.010328,11.276488,0.010725,0.049822,451773.000000,32.382217,6.504474,-0.002331
2,8188,46,33,65,-279.650000,0.922142,4.072740,0.012007,3.573157,0.009650,2.514731,0.006940,11.798701,0.008852,0.041532,482859.000000,33.332464,6.413970,-0.017700
2,8188,47,33,54,-334.650000,0.943850,2.369566,0.012024,2.045337,0.016642,1.437795,0.021062,7.026220,0.015840,0.077409,295898.000000,28.396348,6.823494,0.026127
2,8188,47,33,55,-329.650000,0.960839,2.512026,0.012061,2.215529,0.016194,1.589209,0.020041,7.582710,0.015415,0.073550,309092.000000,28.792884,6.830467,0.025351
2,8188,47,33,56,-324.650000,0.976067,2.672540,0.011809,2.404126,0.014856,1.756291,0.017584,8.195090,0.014050,0.065558,342032.000000,29.456213,6.743139,0.039165
2,8188,47,33,57,-319.650000,0.983211,2.827624,0.011504,2.572694,0.012557,1.898033,0.013261,8.734101,0.011653,0.053622,356200.000000,30.189490,6.682914,0.019948
2,8188,47,33,58,-314.650000,0.978218,2.997838,0.011776,2.727185,0.009573,2.007981,0.006997,9.212845,0.008462,0.038823,376790.000000,30.917494,6.685967,0.010368
2,8188,47,33,59,-309.650000,0.952100,3.180645,0.012425,2.833757,0.008288,2.038537,0.003683,9.513661,0.007069,0.032989,373961.000000,31.625208,6.669590,0.001905
2,8188,47,33,60,-304.650000,0.927375,3.393021,0.013352,2.962039,0.008711,2.083051,0.003636,9.885339,0.007524,0.035706,382031.000000,32.471260,6.618721,0.009790
2,8188,47,33,61,-299.650000,0.898548,3.633690,0.013614,3.091776,0.008990,2.114269,0.003914,10.257435,0.007901,0.038330,380310.000000,33.543502,6.557501,0.007859
2,8188,47,33,62,-294.650000,0.875725,3.887700,0.014401,3.239980,0.011094,2.165809,0.007377,10.695731,0.010140,0.050075,400251.000000,34.402048,6.545023,0.008305
2,8188,47,33,63,-289.650000,0.860903,4.193572,0.014299,3.451205,0.013188,2.274037,0.011753,11.341960,0.012431,0.062003,424861.000000,35.570898,6.458266,0.007938
2,8188,47,33,64,-284.650000,0.858716,4.487355,0.013094,3.695118,0.013202,2.433065,0.013072,12.105700,0.012618,0.062780,417906.000000,36.575497,6.349813,-0.088846
2,8188,48,32,56,-324.650000,0.949396,3.001262,0.016215,2.655955,0.018971,1.900624,0.021342,8.951614,0.017894,0.084280,354859.000000,21.780717,6.951737,-0.041294
2,8188,48,32,57,-319.650000,0.956769,3.244595,0.015744,2.907880,0.018990,2.103438,0.021908,9.752533,0.018077,0.083811,415507.000000,21.819946,6.902795,-0.048372
2,8188,48,32,58,-314.650000,0.971089,3.512079,0.015609,3.208169,0.019335,2.361448,0.022752,10.714532,0.018535,0.084097,435863.000000,21.983731,6.921378,-0.062151
2,8188,48,32,59,-309.650000,0.985147,3.792799,0.015150,3.528190,0.018687,2.640718,0.021939,11.738450,0.017958,0.079826,554136.000000,21.927016,7.079429,-0.029547
2,8188,48,32,60,-304.650000,0.998742,4.086676,0.014342,3.867473,0.017095,2.940786,0.019567,12.822523,0.016421,0.071598,610886.000000,22.048501,7.069898,-0.043722
2,8188,48,32,61,-299.650000,1.006342,4.378904,0.013347,4.189344,0.015366,3.216134,0.017123,13.843982,0.014757,0.063521,670934.000000,22.253006,7.013362,-0.090753
2,8188,49,32,56,-324.650000,1.011929,2.842712,0.019318,2.656871,0.023460,2.014966,0.027139,9.037179,0.022050,0.098897,399952.000000,24.546059,6.922622,0.035983
2,8188,49,32,57,-319.650000,1.024536,3.117291,0.017427,2.968515,0.020869,2.288386,0.023875,10.033548,0.019723,0.086477,465857.000000,24.923746,6.890638,0.055339
2,8188,49,32,58,-314.650000,1.035606,3.385978,0.016324,3.276383,0.018703,2.561318,0.020666,11.016117,0.017657,0.075942,513380.000000,25.289004,6.879942,0.042150
2,8188,49,32,59,-309.650000,1.038943,3.670003,0.015435,3.581284,0.016834,2.817696,0.017854,11.978660,0.015866,0.067448,582412.000000,25.538843,6.927267,-0.012180
2,8188,49,32,60,-304.650000,1.040234,3.952459,0.014312,3.879264,0.013976,3.064383,0.013284,12.916600,0.013057,0.055036,644428.000000,25.913168,6.888838,-0.009458
2,8188,49,32,61,-299.650000,1.026928,4.235696,0.013374,4.123442,0.011843,3.224763,0.009947,13.665164,0.010956,0.046426,669949.000000,26.402944,6.794019,0.019290
2,8188,54,48,62,-294.650000,0.933462,2.313976,0.013761,1.973016,0.023613,1.370647,0.033731,6.785869,0.023117,0.114451,299125.000000,21.116115,7.141499,0.049450
2,8188,54,48,63,-289.650000,0.974322,2.473186,0.013557,2.205957,0.019095,1.601814,0.024182,7.570229,0.018305,0.086512,330726.000000,21.210552,7.080655,0.032691
2,8188,54,48,64,-284.650000,0.981822,2.649267,0.013467,2.394238,0.016849,1.757990,0.019904,8.171625,0.015886,0.073843,373555.000000,21.279441,7.087860,0.008297
2,8188,54,48,65,-279.650000,0.997505,2.829957,0.013644,2.609363,0.015530,1.951720,0.016998,8.868386,0.014505,0.065910,391022.000000,21.357864,7.038338,0.002011
2,8188,54,48,66,-274.650000,0.991829,3.035381,0.013721,2.799470,0.015492,2.089748,0.016913,9.458012,0.014498,0.065617,437057.000000,21.716486,7.036995,-0.033468
2,8188,54,48,67,-269.650000,1.003984,3.246436,0.013002,3.043055,0.016009,2.305162,0.018690,10.239615,0.015266,0.067813,443350.000000,21.576665,6.999279,-0.017139
2,8188,55,48,62,-294.650000,1.047702,2.491112,0.011992,2.374378,0.010291,1.846545,0.008081,8.199376,0.008828,0.039199,380569.000000,23.369352,6.927292,-0.128801
2,8188,55,48,63,-289.650000,1.032066,2.640473,0.011920,2.496558,0.010305,1.921154,0.008195,8.561289,0.008942,0.039848,359239.000000,23.629685,6.935015,-0.118978
2,8188,55,48,64,-284.650000,1.017022,2.805860,0.011997,2.631650,0.010877,2.003980,0.009301,8.964911,0.009661,0.043221,379766.000000,23.890083,6.958331,-0.059019
2,8188,55,48,65,-279.650000,1.007982,2.977079,0.011236,2.782800,0.009996,2.107549,0.008366,9.427422,0.008940,0.039989,409730.000000,24.161911,6.905138,-0.078343
2,8188,55,48,66,-274.650000,0.994113,3.140377,0.010926,2.909806,0.009273,2.180288,0.007242,9.807702,0.008284,0.037265,412449.000000,24.729392,6.813795,-0.107033
2,8188,55,48,67,-269.650000,0.981706,3.320201,0.011602,3.052640,0.010145,2.265450,0.008321,10.239900,0.009196,0.041568,429849.000000,24.735388,6.789612,-0.108255
2,8188,55,48,68,-264.650000,0.970514,3.525598,0.011623,3.219508,0.010406,2.368793,0.008850,10.749401,0.009543,0.043308,436333.000000,25.073724,6.765556,-0.099604
2,8188,55,48,69,-259.650000,0.961401,3.729978,0.012670,3.387650,0.012097,2.475091,0.011195,11.265767,0.011271,0.051301,452975.000000,25.507900,6.692767,-0.094487
2,8188,55,48,70,-254.650000,0.956890,3.998179,0.013416,3.629320,0.013318,2.645874,0.012909,12.019160,0.012537,0.056949,474180.000000,26.060395,6.678556,-0.074507
2,8188,56,49,62,-294.650000,1.067925,2.215254,0.017079,2.120979,0.014826,1.665389,0.011766,7.432142,0.012413,0.055393,337589.000000,25.696917,6.780613,-0.018888
2,8188,56,49,63,-289.650000,1.044970,2.404420,0.016198,2.278210,0.014637,1.763361,0.012346,7.893400,0.012586,0.056341,326781.000000,26.154837,6.760512,-0.037461
2,8188,56,49,64,-284.650000,1.029656,2.604719,0.016807,2.454445,0.015471,1.883089,0.013471,8.425639,0.013626,0.060968,325519.000000,26.623403,6.736627,-0.109241
2,8188,56,49,65,-279.650000,1.012599,2.842183,0.016568,2.657949,0.015371,2.017030,0.013571,9.041482,0.013758,0.061671,399105.000000,27.113055,6.632058,-0.122456
2,8188,56,49,66,-274.650000,1.000753,3.075604,0.017059,2.862993,0.015778,2.156820,0.013941,9.669565,0.014299,0.064107,417481.000000,27.972179,6.609377,-0.035956
2,8188,56,49,67,-269.650000,0.985523,3.366855,0.018117,3.109679,0.016834,2.317718,0.015007,10.424157,0.015436,0.069424,448080.000000,28.158785,6.552613,-0.054822
2,8188,56,49,68,-264.650000,0.974095,3.685571,0.018357,3.386470,0.017762,2.504637,0.016686,11.278624,0.016545,0.074503,465439.000000,28.776254,6.535559,-0.048547
2,8188,56,49,69,-259.650000,0.967524,4.043402,0.018397,3.711198,0.018376,2.735649,0.017932,12.290184,0.017319,0.077808,503414.000000,29.505532,6.458664,-0.043574
2,8188,56,49,70,-254.650000,0.963469,4.429447,0.018265,4.068424,0.019265,2.995202,0.019910,13.407164,0.018368,0.082218,552493.000000,30.372758,6.487536,-0.037027
2,8188,56,49,71,-249.650000,0.967756,4.852419,0.017433,4.494970,0.018979,3.331989,0.020215,14.752779,0.018242,0.080769,619619.000000,30.911153,6.575660,-0.049139
2,8188,57,49,62,-294.650000,0.995200,2.378407,0.015457,2.154445,0.017984,1.592060,0.020017,7.436124,0.016552,0.077312,344192.000000,27.869352,6.828226,0.000490
2,8188,57,49,63,-289.650000,1.000259,2.562225,0.014992,2.348175,0.015611,1.751406,0.015706,8.051550,0.014192,0.065242,365450.000000,28.508844,6.784425,-0.010184
2,8188,57,49,64,-284.650000,0.988483,2.762523,0.015322,2.521019,0.015613,1.867133,0.015390,8.578767,0.014232,0.065389,375626.000000,29.195427,6.740364,0.025608
2,8188,57,49,65,-279.650000,0.988611,2.985511,0.015777,2.741769,0.014682,2.038755,0.013098,9.272445,0.013320,0.060581,402981.000000,29.901679,6.647720,0.051560
2,8188,57,49,66,-274.650000,0.966072,3.233559,0.015837,2.923564,0.013783,2.134178,0.011194,9.813865,0.012452,0.057258,403360.000000,30.986534,6.616254,0.022025
2,8188,57,49,67,-269.650000,0.955074,3.497617,0.016003,3.144729,0.015310,2.277664,0.014178,10.494433,0.014197,0.065414,425456.000000,31.535317,6.540748,0.040313
2,8188,57,49,68,-264.650000,0.948542,3.793298,0.015590,3.405017,0.015288,2.457096,0.014605,11.303769,0.014320,0.065877,437792.000000,32.436800,6.504360,0.034982
2,8188,63,54,68,-264.650000,0.891655,1.805847,0.015256,1.439573,0.024846,0.942032,0.034548,5.058566,0.023962,0.128671,215626.000000,20.863133,7.018398,0.051880
2,8188,63,54,69,-259.650000,0.927715,1.943601,0.010959,1.618409,0.016031,1.104758,0.020706,5.664627,0.015318,0.078543,230216.000000,20.973509,7.022097,0.051084
2,8188,63,54,70,-254.650000,0.934387,2.018854,0.008646,1.699027,0.010627,1.170784,0.012318,5.926273,0.009801,0.049611,272019.000000,21.184576,6.871357,0.098764
2,8188,63,54,71,-249.650000,0.938550,2.118156,0.009284,1.798957,0.011246,1.248979,0.012910,6.245469,0.010384,0.051927,229032.000000,21.155053,6.936211,-0.035372
2,8188,63,54,72,-244.650000,0.944632,2.215502,0.008384,1.901338,0.009038,1.332021,0.009383,6.574829,0.008186,0.040407,241660.000000,21.214510,6.930803,-0.058131
2,8188,63,54,73,-239.650000,0.937244,2.303902,0.010471,1.970807,0.010890,1.373957,0.010925,6.783701,0.009819,0.048479,263043.000000,21.231450,6.845453,-0.084010
2,8188,63,54,74,-234.650000,0.938178,2.456733,0.013184,2.115966,0.014241,1.482132,0.014861,7.240911,0.013056,0.063785,273042.000000,21.293099,6.848733,-0.079977
2,8188,63,54,75,-229.650000,0.936236,2.627801,0.013432,2.272136,0.014181,1.594217,0.014503,7.729081,0.013036,0.063200,299694.000000,21.380206,6.922098,-0.040376
2,8188,63,54,76,-224.650000,0.934462,2.809711,0.013517,2.438173,0.012353,1.713343,0.010760,8.248463,0.011156,0.053707,314775.000000,21.490078,6.945472,-0.009018
2,8188,63,54,77,-219.650000,0.915403,3.007576,0.013158,2.573317,0.010503,1.778571,0.007335,8.649261,0.009268,0.045070,343256.000000,21.776201,6.881915,0.018051
2,8188,64,54,68,-264.650000,1.043757,1.775821,0.013414,1.619732,0.016350,1.221763,0.018749,5.823021,0.014559,0.069390,251833.000000,22.554453,6.958470,0.036973
2,8188,64,54,69,-259.650000,1.049355,1.894929,0.013224,1.752146,0.015322,1.336299,0.016855,6.246911,0.013600,0.063576,268165.000000,22.780450,6.926964,0.021118
2,8188,64,54,70,-254.650000,1.048134,2.026412,0.013471,1.888193,0.014525,1.446990,0.014990,6.672591,0.012762,0.058852,278574.000000,23.155170,6.892312,0.000750
2,8188,64,54,71,-249.650000,1.042255,2.167914,0.013095,2.026398,0.014781,1.553200,0.015971,7.098488,0.013277,0.060680,324113.000000,23.145692,6.885668,0.054445
2,8188,64,54,72,-244.650000,1.049198,2.310292,0.013552,2.187716,0.015035,1.695058,0.016001,7.615074,0.013593,0.061068,344400.000000,23.349891,6.874849,0.061597
2,8188,64,54,73,-239.650000,1.043534,2.481008,0.013221,2.355323,0.013671,1.824430,0.013620,8.133634,0.012262,0.054666,366483.000000,23.521885,6.756452,0.066481
2,8188,64,54,74,-234.650000,1.039080,2.638310,0.012725,2.509713,0.013113,1.943539,0.013044,8.612414,0.011859,0.052549,394130.000000,23.744145,6.758960,0.043198
2,8188,64,54,75,-229.650000,1.034566,2.816746,0.012281,2.684415,0.011935,2.077952,0.011158,9.154945,0.010761,0.047409,412129.000000,24.013647,6.881052,0.009395
2,8188,64,54,76,-224.650000,1.023706,2.984248,0.011389,2.830096,0.010040,2.175404,0.008286,9.597545,0.008945,0.039462,417660.000000,24.303699,6.896661,-0.043932
2,8188,64,54,77,-219.650000,1.009739,3.156624,0.010529,2.968564,0.008063,2.258209,0.005226,10.013407,0.007035,0.031195,452567.000000,24.784886,6.889771,-0.045645
2,8188,64,54,78,-214.650000,0.988730,3.316609,0.009648,3.069437,0.006573,2.293426,0.003071,10.302002,0.005603,0.025167,412718.000000,25.211172,6.684136,-0.047268
2,8188,67,55,71,-249.650000,1.014532,2.114089,0.013808,1.923926,0.012694,1.435631,0.010936,6.738122,0.010814,0.050754,289496.000000,25.213210,6.718334,-0.109734
2,8188,67,55,72,-244.650000,1.000324,2.260045,0.012996,2.046037,0.013359,1.514132,0.013197,7.102442,0.011852,0.055593,282891.000000,25.516371,6.763092,-0.143979
2,8188,67,55,73,-239.650000,1.002053,2.407804,0.012291,2.197264,0.013482,1.635443,0.014239,7.579871,0.012279,0.056911,294101.000000,25.868884,6.763439,-0.075890
2,8188,67,55,74,-234.650000,1.000411,2.555990,0.011823,2.342263,0.013255,1.746999,0.014310,8.033182,0.012198,0.056090,314442.000000,26.251278,6.761087,-0.060612
2,8188,67,55,75,-229.650000,1.005405,2.710011,0.012636,2.507730,0.015309,1.885440,0.017649,8.559766,0.014357,0.065178,331630.000000,26.707391,6.742106,-0.082812
2,8188,67,55,76,-224.650000,1.017176,2.898429,0.013412,2.726175,0.016390,2.079769,0.019020,9.262082,0.015467,0.068882,364716.000000,27.233123,6.687445,-0.076496
2,8188,67,55,77,-219.650000,1.026438,3.098736,0.013668,2.954562,0.015918,2.281013,0.017803,9.992343,0.014975,0.065602,381643.000000,27.862412,6.679677,-0.054871
2,8188,67,55,78,-214.650000,1.030873,3.321972,0.014515,3.196474,0.015453,2.485854,0.015989,10.758482,0.014420,0.062409,496764.000000,28.476758,6.556163,-0.015404
2,8188,67,55,79,-209.650000,1.026128,3.580923,0.015174,3.448524,0.015313,2.678478,0.015042,11.543740,0.014259,0.061453,526827.000000,29.083813,6.523796,-0.012933
2,8188,67,55,80,-204.650000,1.021503,3.865354,0.014666,3.724539,0.012574,2.888750,0.010117,12.404483,0.011525,0.049491,567925.000000,29.538224,6.494559,-0.021778
2,8188,67,55,81,-199.650000,0.995603,4.147803,0.013619,3.916847,0.009819,2.970731,0.005519,12.973412,0.008771,0.038302,562282.000000,30.297184,6.516812,-0.078163
2,8188,72,63,78,-214.650000,0.908865,1.686383,0.014237,1.355426,0.027071,0.897522,0.040549,4.815101,0.026712,0.143307,178654.000000,22.580948,6.880805,-0.040773
2,8188,72,63,79,-209.650000,0.961789,1.806427,0.014110,1.538886,0.022870,1.079490,0.031185,5.458207,0.022093,0.111711,207438.000000,22.714547,6.922947,-0.039297
2,8188,72,63,80,-204.650000,0.987268,1.941262,0.014235,1.707374,0.020023,1.234161,0.025402,6.021007,0.018848,0.091952,257088.000000,22.738114,6.951333,-0.048621
2,8188,72,63,81,-199.650000,1.007616,2.082769,0.012550,1.880749,0.016247,1.392988,0.019511,6.593046,0.015108,0.071508,301502.000000,22.932243,6.845948,-0.148164
2,8188,72,63,82,-194.650000,1.014058,2.202648,0.010864,2.012935,0.010941,1.505940,0.010570,7.017101,0.009648,0.044954,315405.000000,23.171683,6.845398,-0.190140
2,8188,72,63,83,-189.650000,0.996576,2.322074,0.010030,2.100988,0.009443,1.552165,0.008413,7.270031,0.008222,0.038510,336687.000000,23.327495,6.844833,-0.179822
2,8188,72,63,84,-184.650000,0.995204,2.435561,0.009489,2.211331,0.010196,1.636529,0.010569,7.614840,0.009262,0.043098,342757.000000,23.794659,6.859525,0.109917
2,8188,72,63,85,-179.650000,0.994304,2.553173,0.009174,2.326466,0.010031,1.725127,0.010585,7.975342,0.009195,0.042507,333767.000000,23.766314,6.812128,0.022828
2,8188,72,63,86,-174.650000,0.995318,2.669796,0.010595,2.444700,0.013883,1.819126,0.016977,8.348144,0.013166,0.060418,360973.000000,24.010942,6.855844,0.057029
2,8188,72,63,87,-169.650000,1.018487,2.836047,0.011724,2.665867,0.016593,2.033955,0.021124,9.074419,0.016007,0.071415,385598.000000,24.296326,6.862834,0.040562
2,8188,73,64,79,-209.650000,0.906504,1.868815,0.021254,1.517739,0.034357,1.011115,0.047764,5.322135,0.033062,0.174025,205026.000000,24.661136,6.751344,0.004007
2,8188,73,64,80,-204.650000,0.954882,2.067412,0.019227,1.778461,0.028359,1.252590,0.036935,6.201929,0.027138,0.134369,233951.000000,24.745334,6.745114,-0.034003
2,8188,73,64,81,-199.650000,0.983904,2.266312,0.015434,2.022085,0.019347,1.473759,0.022703,7.005230,0.018077,0.085928,345532.000000,25.109876,6.666182,0.030510
2,8188,73,64,82,-194.650000,0.983471,2.417186,0.013994,2.169666,0.013542,1.587182,0.012561,7.468295,0.012046,0.056682,367964.000000,25.493605,6.656438,0.044431
2,8188,73,64,83,-189.650000,0.966073,2.604562,0.013215,2.315911,0.010812,1.673124,0.007879,7.904869,0.009333,0.044096,389856.000000,25.826250,6.676995,0.032360
2,8188,73,64,84,-184.650000,0.945934,2.761371,0.011194,2.420052,0.008216,1.719012,0.004783,8.206078,0.006993,0.033383,299434.000000,26.448263,6.788788,-0.107604
2,8188,73,64,85,-179.650000,0.926278,2.913661,0.011419,2.514734,0.008526,1.755351,0.005199,8.478721,0.007396,0.035724,318621.000000,26.643795,6.640565,-0.072317
2,8188,73,64,86,-174.650000,0.908726,3.094095,0.013005,2.634469,0.013739,1.810274,0.014134,8.833165,0.012821,0.062559,335384.000000,27.057838,6.664858,-0.105059
2,8188,73,64,87,-169.650000,0.922587,3.316051,0.013387,2.876683,0.016840,2.011210,0.019982,9.611214,0.016190,0.077371,365221.000000,27.570941,6.645462,-0.098744
2,8188,74,64,79,-209.650000,0.987534,1.882915,0.004826,1.650159,0.004785,1.190068,0.004511,5.841614,0.004083,0.020043,235888.000000,26.407877,6.614654,-0.017504
2,8188,74,64,80,-204.650000,0.983954,1.928349,0.006472,1.689637,0.006567,1.216909,0.006363,5.960879,0.005675,0.027799,256435.000000,26.658855,6.609082,-0.036789
2,8188,74,64,81,-199.650000,0.979781,2.007718,0.010260,1.761113,0.011737,1.267500,0.012827,6.179903,0.010558,0.051476,248898.000000,27.131877,6.705630,-0.077672
2,8188,74,64,82,-194.650000,0.986294,2.134344,0.012577,1.896330,0.014806,1.379491,0.016587,6.613334,0.013530,0.064862,253706.000000,27.698381,6.718745,-0.043851
2,8188,74,64,83,-189.650000,0.989363,2.276149,0.014630,2.041878,0.016669,1.496322,0.018199,7.074675,0.015224,0.071981,275866.000000,28.159495,6.707212,-0.049832
2,8188,74,64,84,-184.650000,0.992136,2.467335,0.015549,2.236692,0.017742,1.651810,0.019435,7.690404,0.016345,0.076100,369940.000000,28.934772,6.653544,-0.054140
2,8188,74,64,85,-179.650000,0.997090,2.659804,0.015346,2.438709,0.017148,1.817344,0.018469,8.331703,0.015856,0.072691,375452.000000,29.331345,6.670690,-0.078393
2,8188,74,64,86,-174.650000,0.997541,2.875502,0.014084,2.654883,0.014521,1.987447,0.014514,9.011441,0.013337,0.060474,379778.000000,29.940928,6.616308,-0.072171
2,8188,74,64,87,-169.650000,0.990164,3.064784,0.012554,2.824237,0.012277,2.105805,0.011607,9.533596,0.011243,0.050899,402599.000000,30.660354,6.570978,-0.059934
2,8188,74,64,88,-164.650000,0.984467,3.260245,0.012859,3.001617,0.012890,2.231872,0.012553,10.083266,0.011934,0.053914,423222.000000,31.249712,6.541156,-0.074292
2,8188,74,64,89,-159.650000,0.980955,3.484009,0.012845,3.211151,0.013050,2.385975,0.012917,10.736883,0.012175,0.054788,449573.000000,32.036486,6.545023,-0.065980
2,8188,77,67,82,-194.650000,0.979938,2.243886,0.018488,1.992793,0.022647,1.445986,0.026266,6.907955,0.020949,0.100079,286115.000000,29.999162,6.621497,-0.059689
2,8188,77,67,83,-189.650000,0.990974,2.451312,0.018459,2.218442,0.021234,1.635885,0.023399,7.631518,0.019604,0.091452,316778.000000,30.683090,6.616494,-0.048663
2,8188,77,67,84,-184.650000,0.992101,2.696379,0.018826,2.463854,0.020666,1.828762,0.021919,8.404010,0.019073,0.087651,375862.000000,31.669740,6.444778,-0.009467
2,8188,77,67,85,-179.650000,0.993401,2.958938,0.018171,2.727634,0.019807,2.036725,0.020918,9.234437,0.018415,0.083494,397161.000000,32.274758,6.426351,0.007468
2,8188,77,67,86,-174.650000,0.994532,3.234060,0.018662,3.004115,0.018856,2.254795,0.018519,10.104544,0.017473,0.078302,396462.000000,33.134762,6.364695,-0.024357
2,8188,77,67,87,-169.650000,0.982856,3.562479,0.018490,3.294096,0.018045,2.454285,0.017097,10.999981,0.016765,0.075140,440584.000000,34.062600,6.354700,-0.038591
2,8188,77,67,88,-164.650000,0.977041,3.892764,0.018249,3.598530,0.017248,2.674416,0.015802,11.948704,0.016099,0.071925,482533.000000,34.997262,6.293949,-0.027540
2,8188,77,67,89,-159.650000,0.962745,4.272880,0.017792,3.914783,0.016157,2.876904,0.014077,12.923548,0.015086,0.067770,518538.000000,36.108335,6.269245,-0.046894
2,8188,79,71,88,-164.650000,0.792833,1.565445,0.009333,1.106241,0.016080,0.642371,0.022902,3.899144,0.015668,0.095105,138959.000000,20.759819,6.825466,0.009141
2,8188,79,71,89,-159.650000,0.816827,1.638496,0.008636,1.195184,0.014229,0.715930,0.019656,4.204607,0.013820,0.081163,151299.000000,20.804524,6.892030,-0.020782
2,8188,79,71,90,-154.650000,0.835467,1.706944,0.007322,1.276303,0.012112,0.783097,0.016791,4.480212,0.011780,0.067392,156840.000000,20.782894,6.894897,-0.031153
2,8188,79,71,91,-149.650000,0.854195,1.763480,0.007636,1.349771,0.011218,0.847418,0.014583,4.732354,0.010689,0.059690,160820.000000,22.605157,6.907704,-0.151729
2,8188,79,71,92,-144.650000,0.861803,1.841609,0.008323,1.427719,0.011288,0.906676,0.014034,4.986035,0.010611,0.058354,192809.000000,22.387676,6.737223,-0.109144
2,8188,79,71,93,-139.650000,0.873750,1.916759,0.007928,1.510933,0.011341,0.974661,0.014568,5.261440,0.010791,0.058250,204497.000000,20.821623,6.890972,-0.058209
2,8188,79,71,94,-134.650000,0.886764,1.993564,0.008500,1.599069,0.009977,1.048667,0.011142,5.553774,0.009167,0.048550,220584.000000,20.874400,6.866108,-0.053643
2,8188,79,71,95,-129.650000,0.880462,2.086211,0.009404,1.670467,0.010404,1.091501,0.011079,5.770568,0.009460,0.050012,229493.000000,20.954457,6.867212,-0.079211
2,8188,79,71,96,-124.650000,0.886664,2.189761,0.009229,1.772868,0.009538,1.169594,0.009512,6.099660,0.008619,0.044952,240320.000000,20.967901,6.827449,-0.084848
2,8188,79,71,97,-119.650000,0.875839,2.288301,0.008818,1.839564,0.007339,1.202753,0.005492,6.296328,0.006328,0.033127,245857.000000,21.170496,6.808541,-0.056326
2,8188,79,71,98,-114.650000,0.864886,2.391540,0.008965,1.907880,0.008408,1.235654,0.007517,6.498096,0.007524,0.039566,255121.000000,21.085418,6.857503,-0.076206
2,8188,79,71,99,-109.650000,0.862990,2.502701,0.009312,1.999980,0.009327,1.295633,0.009041,6.785228,0.008523,0.044635,260556.000000,21.361092,6.779792,-0.029376
2,8188,79,71,100,-104.650000,0.858224,2.624595,0.010485,2.094425,0.011435,1.352795,0.012095,7.076405,0.010646,0.055688,265580.000000,21.425360,6.783156,-0.022508
2,8188,79,71,101,-99.650000,0.863824,2.777884,0.009802,2.239470,0.011138,1.459251,0.012219,7.538579,0.010490,0.054194,286659.000000,24.858432,6.655946,-0.034317
2,8188,79,71,102,-94.650000,0.864452,2.896886,0.008271,2.343853,0.008643,1.531094,0.008791,7.867238,0.008065,0.041440,281549.000000,23.911524,6.674916,-0.044219
2,8188,79,71,103,-89.650000,0.862162,3.017491,0.007480,2.442048,0.006878,1.593849,0.006062,8.173064,0.006316,0.032388,386943.000000,24.019108,6.609150,-0.036116
2,8188,79,71,104,-84.650000,0.854588,3.122601,0.005083,2.511810,0.000897,1.627707,-0.003398,8.383460,0.000294,0.001514,271104.000000,21.375567,6.854487,-0.066976
2,8188,79,71,105,-79.650000,0.821552,3.176199,0.003375,2.464567,-0.003834,1.538542,-0.011591,8.197710,-0.004532,-0.024146,281002.000000,21.425457,6.828317,-0.082141
2,8188,80,71,88,-164.650000,0.954639,1.732260,0.009993,1.458108,0.012432,1.012119,0.014509,5.195196,0.011245,0.057720,211028.000000,22.246116,6.717098,0.078601
2,8188,80,71,89,-159.650000,0.960332,1.818808,0.010356,1.548746,0.012831,1.085542,0.014931,5.487294,0.011674,0.059010,225576.000000,22.431321,6.737791,0.034475
2,8188,80,71,90,-154.650000,0.967184,1.920609,0.009659,1.656835,0.011348,1.174204,0.012661,5.835771,0.010260,0.050990,238152.000000,22.503326,6.725805,0.017311
2,8188,80,71,91,-149.650000,0.966537,2.004311,0.008597,1.736762,0.009289,1.234205,0.009629,6.086025,0.008260,0.040729,253821.000000,24.452198,6.733803,0.131680
2,8188,80,71,92,-144.650000,0.964013,2.092910,0.008073,1.818159,0.008807,1.293048,0.009229,6.338454,0.007900,0.038724,293253.000000,24.259007,6.740518,0.230329
2,8188,80,71,93,-139.650000,0.964727,2.173282,0.007086,1.896895,0.007753,1.353540,0.008154,6.586740,0.006999,0.034060,283000.000000,22.759373,6.938793,-0.029113
2,8188,80,71,94,-134.650000,0.963250,2.246914,0.006536,1.965220,0.006502,1.403413,0.006208,6.799470,0.005765,0.027933,297955.000000,22.908677,6.918029,-0.009789
2,8188,80,71,95,-129.650000,0.957446,2.320138,0.007342,2.024680,0.007137,1.440664,0.006639,6.978752,0.006324,0.030633,301034.000000,23.068780,6.926508,-0.008147
2,8188,80,71,96,-124.650000,0.953481,2.417265,0.007921,2.109716,0.008225,1.499052,0.008247,7.240792,0.007446,0.035966,319160.000000,23.242721,6.910699,-0.005945
2,8188,80,71,97,-119.650000,0.952785,2.511607,0.008133,2.198207,0.008543,1.564296,0.008677,7.517902,0.007793,0.037454,328522.000000,23.504642,6.917443,-0.018086
2,8188,80,71,98,-114.650000,0.950330,2.621522,0.008848,2.297498,0.009312,1.634789,0.009489,7.826684,0.008538,0.040875,333629.000000,23.503490,6.918878,-0.019221
2,8188,80,71,99,-109.650000,0.949761,2.743557,0.009072,2.412144,0.009594,1.719426,0.009837,8.186126,0.008849,0.042130,345183.000000,23.894703,6.874529,-0.040147
2,8188,80,71,100,-104.650000,0.948258,2.870413,0.009147,2.528924,0.009948,1.803929,0.010490,8.551076,0.009256,0.043874,356855.000000,24.081998,6.880708,-0.040851
2,8188,80,71,101,-99.650000,0.950617,3.006104,0.011521,2.663723,0.012740,1.908662,0.013649,8.977580,0.011930,0.056116,379260.000000,27.687746,6.725265,-0.037639
2,8188,80,71,102,-94.650000,0.952146,3.216758,0.014118,2.868269,0.015119,2.064436,0.015750,9.622143,0.014167,0.066030,400263.000000,26.866369,6.725556,-0.005788
2,8188,80,71,103,-89.650000,0.951248,3.460249,0.015354,3.097368,0.016309,2.233803,0.016889,10.340727,0.015345,0.071033,421689.000000,27.206846,6.712174,-0.020379
2,8188,80,71,104,-84.650000,0.951937,3.748039,0.018313,3.373429,0.019945,2.441702,0.021178,11.208882,0.018919,0.086851,474888.000000,24.763877,6.652956,0.032592
2,8188,80,71,105,-79.650000,0.956581,4.146618,0.019224,3.770203,0.021048,2.750916,0.022481,12.461359,0.020102,0.091059,499771.000000,25.048316,6.654349,0.034037
2,8188,81,72,88,-164.650000,1.024658,1.643768,0.007979,1.458985,0.009512,1.073818,0.010692,5.291386,0.008330,0.041045,223619.000000,23.816784,6.863246,0.204064
2,8188,81,72,89,-159.650000,1.026387,1.709344,0.007700,1.528371,0.009062,1.131224,0.010085,5.511760,0.007963,0.038797,243574.000000,24.098623,6.889549,0.132375
2,8188,81,72,90,-154.650000,1.027385,1.775383,0.008547,1.597486,0.009829,1.187897,0.010732,5.730273,0.008629,0.041627,241808.000000,24.265104,6.860048,0.091227
2,8188,81,72,91,-149.650000,1.027277,1.861084,0.009710,1.685380,0.010826,1.258709,0.011513,6.006252,0.009496,0.045310,236304.000000,26.245257,6.683099,-0.177091
2,8188,81,72,92,-144.650000,1.025283,1.956086,0.009583,1.779952,0.011160,1.332811,0.012360,6.300598,0.009988,0.047215,257810.000000,26.173371,6.690229,-0.261390
2,8188,81,72,93,-139.650000,1.031057,2.048536,0.010263,1.884019,0.011737,1.423448,0.012798,6.635539,0.010536,0.049116,309199.000000,24.817392,6.672607,-0.155940
2,8188,81,72,94,-134.650000,1.028509,2.166325,0.010991,2.001073,0.011943,1.514989,0.012456,6.999737,0.010657,0.049237,323727.000000,25.081613,6.632591,-0.154164
2,8188,81,72,95,-129.650000,1.027537,2.286630,0.010327,2.123014,0.010358,1.612158,0.009966,7.381479,0.009141,0.041852,331328.000000,25.336087,6.636625,-0.159357
2,8188,81,72,96,-124.650000,1.016816,2.402456,0.009637,2.220976,0.009252,1.675649,0.008466,7.674459,0.008133,0.037247,352739.000000,25.688025,6.602335,-0.154983
2,8188,81,72,97,-119.650000,1.011954,2.518162,0.010488,2.328501,0.010110,1.754025,0.009327,8.005606,0.008985,0.041011,370459.000000,26.051810,6.589627,-0.139346
2,8188,81,72,98,-114.650000,1.001978,2.666553,0.011709,2.456377,0.011101,1.839245,0.010057,8.393798,0.009916,0.045252,368233.000000,26.228707,6.578465,-0.126483
2,8188,81,72,99,-109.650000,0.993924,2.830387,0.011893,2.601189,0.011946,1.938995,0.011604,8.837900,0.010889,0.049632,385439.000000,26.757365,6.523207,-0.104300
2,8188,81,72,100,-104.650000,0.991672,3.003172,0.012364,2.767118,0.013719,2.064248,0.014738,9.356166,0.012802,0.058024,398347.000000,27.092140,6.515286,-0.099573
2,8188,81,72,101,-99.650000,0.997741,3.201685,0.012972,2.980817,0.014769,2.243218,0.016234,10.035662,0.013909,0.062225,410391.000000,30.810954,6.394641,-0.108174
2,8188,81,72,102,-94.650000,1.001159,3.418507,0.012685,3.207369,0.014127,2.428404,0.015252,10.752001,0.013325,0.058997,444371.000000,30.194208,6.422432,-0.108549
2,8188,82,72,88,-164.650000,0.959031,1.542720,0.007811,1.282138,0.013167,0.883481,0.018507,4.648038,0.012673,0.066675,177154.000000,25.290708,6.802593,0.009698
2,8188,82,72,89,-159.650000,0.981472,1.602969,0.011889,1.366546,0.015818,0.965233,0.019266,4.942571,0.014412,0.073797,184059.000000,25.652152,6.823281,-0.050101
2,8188,82,72,90,-154.650000,0.984394,1.733303,0.013389,1.498297,0.017113,1.069441,0.020381,5.360351,0.015534,0.077863,190960.000000,25.901215,6.767469,-0.085736
2,8188,82,72,91,-149.650000,1.001786,1.835047,0.012855,1.622956,0.016253,1.183191,0.019150,5.775268,0.014823,0.072355,232494.000000,28.010942,6.519662,0.021565
2,8188,82,72,92,-144.650000,1.004850,1.969206,0.014124,1.762068,0.016399,1.296022,0.018120,6.216448,0.014737,0.070687,262751.000000,28.064751,6.572322,0.093492
2,8188,82,72,93,-139.650000,1.007931,2.113176,0.011546,1.911915,0.013136,1.418036,0.014284,6.691387,0.011859,0.055962,301343.000000,26.793625,6.692601,0.063107
2,8188,82,72,94,-134.650000,1.008202,2.213201,0.008595,2.013216,0.009256,1.498580,0.009582,7.010002,0.008295,0.038803,315214.000000,27.176795,6.655031,0.071231
2,8188,82,72,95,-129.650000,1.005054,2.303390,0.009253,2.098255,0.008270,1.561622,0.006892,7.272887,0.007113,0.033126,334977.000000,27.557091,6.670705,0.057107
2,8188,82,72,96,-124.650000,0.987506,2.426330,0.010732,2.186743,0.008919,1.606206,0.006623,7.527306,0.007588,0.035561,338421.000000,28.041212,6.614835,0.039157
2,8188,82,72,97,-119.650000,0.973894,2.563772,0.010284,2.293299,0.008342,1.667996,0.005975,7.844063,0.007154,0.033644,340204.000000,28.510994,6.615400,0.048750
2,8188,82,72,98,-114.650000,0.957125,2.689977,0.010293,2.378051,0.008674,1.705875,0.006640,8.088487,0.007593,0.036005,351931.000000,28.811553,6.615911,0.031058
2,8188,82,72,99,-109.650000,0.947795,2.840643,0.010439,2.499567,0.009676,1.781272,0.008557,8.458256,0.008737,0.041486,359288.000000,29.496782,6.598578,0.012522
2,8188,82,72,100,-104.650000,0.940853,2.986512,0.009769,2.619902,0.009186,1.858297,0.008290,8.827461,0.008365,0.039736,358211.000000,30.000406,6.597228,0.012610
2,8188,94,81,103,-89.650000,0.951828,1.877551,0.010160,1.592681,0.014748,1.110216,0.019155,5.614355,0.013931,0.070451,217808.000000,29.896550,6.433615,-0.080735
2,8188,94,81,104,-84.650000,0.968907,1.972932,0.009724,1.710124,0.012091,1.216546,0.014090,6.005433,0.011130,0.054945,238582.000000,27.611589,6.663481,-0.062764
2,8188,94,81,105,-79.650000,0.966399,2.069406,0.009666,1.799449,0.011237,1.281632,0.012468,6.282782,0.010211,0.050055,235586.000000,28.088605,6.633750,-0.078199
2,8188,94,81,106,-74.650000,0.973692,2.172956,0.007981,1.912331,0.008482,1.376344,0.008672,6.646950,0.007609,0.036747,243560.000000,28.620370,6.516321,-0.087788
2,8188,94,81,107,-69.650000,0.963458,2.242822,0.007785,1.961660,0.007264,1.400986,0.006404,6.788554,0.006321,0.030631,236542.000000,29.167787,6.562986,-0.197687
2,8188,94,81,108,-64.650000,0.959457,2.347566,0.008581,2.054834,0.007875,1.466068,0.006824,7.076083,0.006895,0.033281,276190.000000,29.787375,6.423573,-0.198120
2,8188,94,81,109,-59.650000,0.947591,2.444278,0.008570,2.123479,0.008016,1.501025,0.007120,7.276481,0.007096,0.034400,287816.000000,30.235533,6.433894,-0.134417
2,8188,94,81,110,-54.650000,0.945132,2.557046,0.009444,2.225048,0.009243,1.572936,0.008709,7.592434,0.008340,0.040254,301744.000000,30.713972,6.365894,-0.136506
2,8188,94,81,111,-49.650000,0.937430,2.685772,0.010260,2.329136,0.010706,1.638019,0.010828,7.909658,0.009831,0.047471,292767.000000,31.216217,6.390683,-0.112438
2,8188,94,81,112,-44.650000,0.940565,2.832613,0.009935,2.474407,0.010393,1.750296,0.010552,8.370010,0.009613,0.045969,310156.000000,31.712129,6.303204,-0.056752
2,8188,94,81,113,-39.650000,0.934833,2.967199,0.008898,2.586291,0.009351,1.822713,0.009551,8.714258,0.008683,0.041515,322002.000000,32.275358,6.321279,-0.086296
2,8188,94,81,114,-34.650000,0.938151,3.096645,0.009236,2.716242,0.011072,1.924389,0.012703,9.126701,0.010515,0.049868,337567.000000,33.088998,6.297871,-0.121882
2,8188,94,81,115,-29.650000,0.946539,3.253219,0.009128,2.887030,0.010733,2.067167,0.012122,9.673905,0.010200,0.047736,325660.000000,33.820012,6.301348,-0.143435
2,8188,94,81,116,-24.650000,0.948619,3.393590,0.008918,3.026107,0.009539,2.174978,0.009940,10.113486,0.008976,0.041738,308699.000000,34.707022,6.276743,-0.109747
2,8188,94,81,117,-19.650000,0.947243,3.555857,0.010357,3.175705,0.011740,2.283349,0.012905,10.581702,0.011154,0.051689,412658.000000,35.771448,6.260704,-0.099795
2,8188,94,81,118,-14.650000,0.955612,3.761885,0.010953,3.398929,0.013135,2.469642,0.015087,11.293719,0.012609,0.057662,411989.000000,36.864300,6.162933,-0.122324
2,8188,95,81,103,-89.650000,0.967612,1.728487,0.013460,1.471580,0.014520,1.033862,0.014950,5.254331,0.012578,0.063924,223553.000000,31.626042,6.279133,0.063705
2,8188,95,81,104,-84.650000,0.963614,1.844813,0.012682,1.578419,0.014229,1.111142,0.015251,5.584772,0.012607,0.063367,183682.000000,29.413098,6.592135,0.082247
2,8188,95,81,105,-79.650000,0.966463,1.962441,0.011722,1.696178,0.013811,1.203317,0.015466,5.958428,0.012517,0.061981,217012.000000,30.026222,6.514316,0.028530
2,8188,95,81,106,-74.650000,0.971196,2.074857,0.012184,1.812676,0.014491,1.297242,0.016373,6.330601,0.013246,0.064643,223324.000000,30.695375,6.406026,0.040869
2,8188,95,81,107,-69.650000,0.976671,2.215234,0.011447,1.958849,0.012786,1.415709,0.013703,6.797008,0.011618,0.055779,241661.000000,31.347597,6.459976,-0.112026
2,8188,95,81,108,-64.650000,0.973376,2.328444,0.009763,2.063125,0.010062,1.491234,0.009991,7.120268,0.009028,0.043105,294787.000000,32.017539,6.366627,-0.137816
2,8188,95,81,109,-59.650000,0.969543,2.442554,0.009810,2.166433,0.009501,1.564702,0.008821,7.439800,0.008469,0.040268,316623.000000,32.590317,6.392745,-0.160709
2,8188,95,81,110,-54.650000,0.960655,2.568051,0.010758,2.268963,0.009174,1.629252,0.007174,7.750339,0.008007,0.038087,310441.000000,33.160952,6.335380,-0.131410
2,8188,95,81,111,-49.650000,0.943677,2.718816,0.011955,2.374577,0.010505,1.681581,0.008599,8.060338,0.009322,0.044682,298157.000000,33.790786,6.353118,-0.151411
2,8188,95,81,112,-44.650000,0.935394,2.893088,0.012853,2.518408,0.011580,1.773845,0.009886,8.501704,0.010450,0.050087,302335.000000,34.523323,6.236077,-0.104961
2,8188,95,81,113,-39.650000,0.921644,3.090664,0.014476,2.666203,0.012772,1.856947,0.010609,8.948799,0.011587,0.055837,304792.000000,35.288138,6.261581,-0.125284
2,8188,95,81,114,-34.650000,0.908913,3.340498,0.015317,2.858934,0.013424,1.970854,0.011093,9.538571,0.012289,0.059477,345176.000000,36.278406,6.382932,-0.034917
2,8188,95,81,115,-29.650000,0.894313,3.602335,0.014537,3.049977,0.012527,2.075578,0.010091,10.120999,0.011509,0.056122,332266.000000,37.209385,6.262313,-0.017056
2,8188,96,79,106,-74.650000,0.824782,1.739831,0.004091,1.288995,0.008724,0.782668,0.013483,4.508127,0.008783,0.050590,141280.000000,20.667041,6.898061,-0.008999
2,8188,96,79,107,-69.650000,0.843744,1.775419,0.004590,1.345223,0.009198,0.835433,0.013816,4.706103,0.009197,0.051811,140947.000000,20.754990,6.987010,-0.048229
2,8188,96,79,108,-64.650000,0.863530,1.821315,0.004863,1.412734,0.009562,0.898091,0.014260,4.940970,0.009542,0.052496,149721.000000,20.714547,6.895596,-0.058920
2,8188,96,79,109,-59.650000,0.884160,1.863996,0.005012,1.480308,0.009416,0.963498,0.013782,5.177566,0.009336,0.050168,195857.000000,20.631608,6.959568,0.016506
2,8188,96,79,110,-54.650000,0.901750,1.914742,0.004843,1.552115,0.008951,1.030882,0.013033,5.424335,0.008860,0.046622,201549.000000,20.643312,6.963744,0.025790
2,8188,96,79,111,-49.650000,0.920446,1.956721,0.004589,1.619242,0.007650,1.097857,0.010615,5.658187,0.007459,0.038441,212020.000000,20.656824,6.956988,0.054152
2,8188,96,79,112,-44.650000,0.928372,2.004535,0.004272,1.675995,0.007950,1.147424,0.011665,5.846363,0.007877,0.040136,216060.000000,20.673669,6.980503,0.069635
2,8188,96,79,113,-39.650000,0.953627,2.042357,0.003918,1.752487,0.007862,1.231701,0.011761,6.118712,0.007864,0.039064,223105.000000,20.652066,7.019737,0.037908
2,8188,96,79,114,-34.650000,0.966210,2.084548,0.005688,1.813767,0.008197,1.292280,0.010562,6.327516,0.007801,0.038195,230161.000000,20.646450,7.021265,0.052211
2,8188,96,79,115,-29.650000,0.974006,2.160930,0.006771,1.901168,0.008492,1.368194,0.009996,6.612294,0.007890,0.038132,244139.000000,20.682226,6.973159,0.044605
2,8188,96,79,116,-24.650000,0.977278,2.230870,0.006177,1.975220,0.007506,1.429046,0.008639,6.849237,0.006945,0.033285,248241.000000,20.687320,6.962331,0.048162
2,8188,96,79,117,-19.650000,0.981485,2.298728,0.006568,2.049438,0.006613,1.491655,0.006404,7.087955,0.005894,0.028007,277076.000000,20.594247,7.004912,0.042149
2,8188,96,79,118,-14.650000,0.971164,2.381843,0.006334,2.110757,0.006395,1.524566,0.006213,7.267008,0.005719,0.027259,282156.000000,20.633112,7.024223,0.048481
2,8188,96,79,119,-9.650000,0.975035,2.449605,0.004741,2.184430,0.005732,1.586376,0.006582,7.503539,0.005347,0.025290,291643.000000,20.615563,6.924830,0.050925
2,8188,96,79,120,-4.650000,0.977141,2.497968,0.003490,2.235964,0.004189,1.628978,0.004786,7.668210,0.003908,0.018395,300217.000000,20.632097,6.955540,0.052423
2,8188,96,79,121,0.350000,0.979129,2.536775,0.003012,2.278093,0.002576,1.664335,0.002021,7.803185,0.002238,0.010491,307746.000000,20.629367,6.880310,0.052938
2,8188,96,79,122,5.350000,0.969729,2.574373,0.002926,2.294637,0.001716,1.662613,0.000356,7.842808,0.001316,0.006208,312940.000000,20.663553,6.883426,0.055066
2,8188,96,79,123,10.350000,0.963475,2.612092,0.003212,2.317474,0.002235,1.670258,0.001113,7.906401,0.001841,0.008717,316181.000000,20.669163,6.904863,0.049246
2,8188,96,79,124,15.350000,0.956560,2.658260,0.003631,2.346424,0.002173,1.681203,0.000550,7.988398,0.001711,0.008129,313753.000000,20.686259,6.918168,0.039041
2,8188,96,79,125,20.350000,0.945202,2.708612,0.004642,2.368460,0.003291,1.679504,0.001736,8.043063,0.002762,0.013228,322636.000000,20.720934,6.836016,0.036224
2,8188,96,79,126,25.350000,0.938765,2.783983,0.005983,2.424381,0.006421,1.710358,0.006684,8.210569,0.005945,0.028539,327986.000000,20.744752,6.870788,0.030151
2,8188,96,79,127,30.350000,0.944486,2.875176,0.014461,2.524126,0.012503,1.793823,0.010130,8.531191,0.011232,0.053418,331882.000000,20.779216,6.834159,0.026295
2,8188,96,79,128,35.350000,0.912106,3.199758,0.027800,2.739983,0.026857,1.892071,0.025054,9.168796,0.024791,0.120135,339682.000000,20.820131,6.817989,0.033228
2,8188,96,79,129,40.350000,0.913507,3.764712,0.037201,3.260008,0.038437,2.267860,0.038840,10.804226,0.036370,0.173270,345811.000000,20.857415,6.819502,0.024451
2,8188,96,79,130,45.350000,0.906319,4.600279,0.055928,3.993044,0.059367,2.772912,0.061849,13.098309,0.056889,0.268723,429345.000000,21.354705,6.766900,0.030361
2,8188,96,79,131,50.350000,0.916908,6.337565,0.054825,5.630542,0.058165,3.982881,0.060758,18.255676,0.056502,0.258977,660483.000000,22.357276,6.618715,-0.056975
2,8188,98,80,106,-74.650000,0.957326,2.272177,0.014461,1.978538,0.011710,1.405812,0.008343,6.833640,0.009888,0.048067,255002.000000,24.243495,6.820641,0.046424
2,8188,98,80,107,-69.650000,0.936913,2.436470,0.013258,2.094382,0.012147,1.464457,0.010490,7.171503,0.010700,0.052398,278326.000000,24.554893,6.678753,-0.108685
2,8188,98,80,108,-64.650000,0.932284,2.595208,0.012343,2.232949,0.012896,1.559435,0.013048,7.600991,0.011816,0.057592,260864.000000,24.718459,6.729401,-0.052600
2,8188,98,80,109,-59.650000,0.931744,2.756808,0.011464,2.382333,0.011437,1.667937,0.011048,8.069618,0.010471,0.050660,308161.000000,24.795951,6.725178,-0.039531
2,8188,98,80,110,-54.650000,0.923462,2.911256,0.010744,2.505427,0.011058,1.743713,0.011056,8.445969,0.010225,0.049526,323875.000000,24.962109,6.645750,-0.035478
2,8188,98,80,111,-49.650000,0.926354,3.069592,0.010624,2.659371,0.012439,1.860714,0.014010,8.933206,0.011780,0.056556,339248.000000,25.086759,6.613130,-0.021715
2,8188,98,80,112,-44.650000,0.933906,3.237381,0.011843,2.836238,0.012992,2.004390,0.013842,9.498321,0.012246,0.058030,352678.000000,25.199343,6.600281,-0.015438
2,8188,98,80,113,-39.650000,0.930722,3.452981,0.013758,3.027869,0.014560,2.138153,0.015031,10.096346,0.013707,0.064725,361144.000000,25.367925,6.600812,-0.015708
2,8188,98,80,114,-34.650000,0.933055,3.712454,0.015160,3.277092,0.016660,2.325767,0.017834,10.882233,0.015832,0.074079,390976.000000,25.550003,6.617259,0.002218
2,8188,98,80,115,-29.650000,0.936845,4.015804,0.016744,3.573833,0.018719,2.552936,0.020371,11.819249,0.017894,0.082842,432808.000000,25.818664,6.621556,0.027627
2,8188,98,80,116,-24.650000,0.943502,4.384852,0.017628,3.946077,0.019803,2.845818,0.021661,12.997129,0.019017,0.086850,478145.000000,26.119182,6.613260,0.016999
2,8188,98,80,117,-19.650000,0.949916,4.788761,0.016869,4.355276,0.018791,3.169376,0.020418,14.290853,0.018106,0.081639,515699.000000,26.329135,6.628282,0.013997
2,8188,99,80,106,-74.650000,0.955327,2.219122,0.012765,1.924131,0.009338,1.362395,0.005347,6.660136,0.007587,0.037088,245628.000000,26.385386,6.723370,-0.005734
2,8188,99,80,107,-69.650000,0.932078,2.360753,0.011979,2.013966,0.009260,1.398817,0.005980,6.912779,0.007749,0.038293,257700.000000,26.842501,6.673221,0.116504
2,8188,99,80,108,-64.650000,0.915493,2.501920,0.011664,2.110626,0.010025,1.446044,0.007915,7.195785,0.008777,0.043677,251724.000000,27.212559,6.622939,0.069113
2,8188,99,80,109,-59.650000,0.905328,2.652570,0.011752,2.225554,0.010122,1.513270,0.008074,7.544366,0.008981,0.044774,269486.000000,27.462050,6.624200,0.029927
2,8188,99,80,110,-54.650000,0.890719,2.813640,0.011023,2.335902,0.010094,1.568226,0.008788,7.873342,0.009140,0.045887,278205.000000,27.785412,6.603370,0.050458
2,8188,99,80,111,-49.650000,0.887866,2.962729,0.011217,2.461334,0.011209,1.651090,0.010882,8.263979,0.010383,0.051967,291902.000000,28.114232,6.543779,0.046536
2,8188,99,80,112,-44.650000,0.883439,3.145979,0.013061,2.611791,0.014137,1.747898,0.014899,8.731364,0.013305,0.066464,289422.000000,28.421979,6.529291,0.034321
2,8188,99,80,113,-39.650000,0.889339,3.373621,0.014307,2.830559,0.016796,1.911511,0.018997,9.425699,0.016038,0.079085,298662.000000,28.915254,6.543076,0.027407
2,8188,99,80,114,-34.650000,0.898536,3.628653,0.015379,3.087214,0.016313,2.111025,0.016897,10.243091,0.015470,0.075065,321668.000000,29.492125,6.556531,0.003047
2,8188,99,80,115,-29.650000,0.891400,3.931679,0.016857,3.334178,0.017196,2.268221,0.017174,11.010338,0.016297,0.079107,379548.000000,30.075756,6.547182,-0.038619
2,8188,99,80,116,-24.650000,0.892858,4.291415,0.016789,3.660545,0.015063,2.500579,0.013029,12.037405,0.014181,0.068265,408065.000000,30.691718,6.452825,-0.040156
2,8188,99,80,117,-19.650000,0.870148,4.652153,0.015508,3.885573,0.011583,2.594012,0.007204,12.717358,0.010693,0.052425,395168.000000,31.369163,6.402000,-0.056825
2,8188,102,98,118,-14.650000,0.953077,2.611379,0.018222,2.293910,0.023766,1.636363,0.028976,7.818936,0.022529,0.107648,291103.000000,25.381263,6.711964,0.083274
2,8188,102,98,119,-9.650000,0.971885,2.849307,0.017645,2.566494,0.020829,1.873441,0.023507,8.699691,0.019610,0.091064,326165.000000,25.514290,6.580607,0.073149
2,8188,102,98,120,-4.650000,0.973590,3.114137,0.016799,2.828476,0.018564,2.076754,0.019885,9.524971,0.017396,0.079785,358424.000000,25.778383,6.568165,0.016595
2,8188,102,98,121,0.350000,0.977510,3.372463,0.015579,3.091558,0.016513,2.286395,0.017041,10.356624,0.015482,0.070129,390208.000000,25.954383,6.571072,0.051191
2,8188,102,98,122,5.350000,0.973276,3.639538,0.014795,3.338991,0.014838,2.466382,0.014507,11.128388,0.013883,0.062639,430199.000000,26.210016,6.580785,0.035812
2,8188,102,98,123,10.350000,0.968660,3.910946,0.013170,3.587014,0.013525,2.644185,0.013577,11.901530,0.012758,0.057426,464726.000000,26.379865,6.589751,0.033162
2,8188,102,98,124,15.350000,0.968955,4.154592,0.011729,3.824128,0.012401,2.825387,0.012827,12.646833,0.011786,0.052758,508377.000000,26.656691,6.565522,0.020330
2,8188,104,99,118,-14.650000,0.868528,2.432758,0.018259,1.951035,0.015589,1.269784,0.012274,6.637926,0.013771,0.071987,201617.000000,30.859301,6.440974,-0.077251
2,8188,104,99,119,-9.650000,0.850668,2.654853,0.019402,2.103105,0.017353,1.347709,0.014645,7.094969,0.015643,0.082351,224369.000000,31.544897,6.287639,-0.045025
2,8188,104,99,120,-4.650000,0.836604,2.947862,0.021737,2.315992,0.021920,1.467160,0.021508,7.747776,0.020397,0.107715,215163.000000,32.409988,6.367528,-0.034581
2,8188,104,99,121,0.350000,0.837906,3.295644,0.022846,2.610770,0.023767,1.663262,0.024156,8.675315,0.022434,0.117012,232131.000000,33.194319,6.263947,-0.004606
2,8188,104,99,122,5.350000,0.833792,3.700797,0.025694,2.936502,0.029989,1.868939,0.033946,9.693995,0.028795,0.149354,295216.000000,34.140307,6.238667,0.023744
2,8188,104,99,123,10.350000,0.859510,4.246544,0.025703,3.491410,0.031787,2.297692,0.037320,11.466653,0.030918,0.154299,365972.000000,35.001812,6.201236,0.031859
2,8188,125,96,132,55.350000,0.940157,3.384655,0.011003,2.992423,0.005593,2.132106,-0.000082,9.996888,0.004540,0.021288,374425.000000,20.973066,6.720878,0.016869
2,8188,125,96,133,60.350000,0.911362,3.570857,0.008581,3.076100,0.005036,2.131230,0.001131,10.223824,0.004270,0.020485,390101.000000,21.001463,6.729553,0.040479
2,8188,125,96,134,65.350000,0.899763,3.691059,0.006454,3.147344,0.004032,2.156215,0.001415,10.433480,0.003515,0.017010,397402.000000,21.015663,6.727878,0.042187
2,8188,125,96,135,70.350000,0.885016,3.809070,0.004884,3.203001,0.004585,2.161734,0.004159,10.590589,0.004290,0.021016,405370.000000,21.073437,6.739322,0.044605
2,8188,125,96,136,75.350000,0.893888,3.877098,0.003219,3.294217,0.005177,2.246127,0.007106,10.887791,0.005108,0.024762,404504.000000,21.056706,6.733997,0.045859
2,8188,125,96,137,80.350000,0.901941,3.933882,0.003439,3.373550,0.005013,2.321343,0.006542,11.146773,0.004911,0.023583,414627.000000,21.126973,6.725085,0.042643
2,8188,125,96,138,85.350000,0.907178,4.012387,0.003738,3.463338,0.006006,2.397995,0.008265,11.435238,0.005927,0.028263,439874.000000,21.190347,6.662784,0.040795
2,8188,125,96,139,90.350000,0.921641,4.083872,0.003947,3.581575,0.005855,2.519537,0.007697,11.824522,0.005747,0.026971,449832.000000,21.240482,6.644127,0.041442
2,8188,125,96,140,95.350000,0.923971,4.173565,0.004298,3.673041,0.004980,2.591912,0.005585,12.114771,0.004792,0.022397,462899.000000,21.303230,6.651514,0.031088
2,8188,127,126,135,70.350000,0.792336,2.055649,0.007211,1.494039,0.011943,0.883354,0.016683,5.116918,0.011676,0.067633,173438.000000,23.599529,6.429460,0.025444
2,8188,127,126,136,75.350000,0.809407,2.129769,0.023215,1.583257,0.031099,0.957039,0.038582,5.415638,0.029490,0.166879,154322.000000,23.466827,6.436072,0.116927
2,8188,127,126,137,80.350000,0.838069,2.550074,0.052948,1.986409,0.064089,1.252599,0.074047,6.714012,0.060541,0.324506,165662.000000,23.616267,6.413580,0.197158
2,8188,127,126,138,85.350000,0.867163,3.479975,0.053443,2.856331,0.060912,1.884548,0.067066,9.480401,0.058360,0.293586,345987.000000,24.656402,6.409946,0.045098
2,8188,142,125,141,100.350000,0.914951,2.118429,-0.004501,1.758608,-0.005405,1.192312,-0.006163,6.089218,-0.004999,-0.025529,214124.000000,20.269666,6.633406,0.003580
2,8188,142,125,142,105.350000,0.912619,2.070759,-0.001978,1.711078,-0.001163,1.155568,-0.000218,5.937025,-0.000835,-0.004289,173434.000000,20.354958,6.594524,0.041127
2,8188,142,125,143,110.350000,0.925393,2.077476,0.001218,1.738708,0.003164,1.189798,0.005127,6.039656,0.003248,0.016486,183206.000000,20.434139,6.553703,-0.016406
2,8188,142,125,144,115.350000,0.931388,2.096064,0.004463,1.766086,0.006654,1.216567,0.008765,6.133172,0.006379,0.032157,193355.000000,20.669411,6.522882,-0.015678
2,8188,142,125,145,120.350000,0.942874,2.171031,0.008229,1.856225,0.010232,1.296427,0.011968,6.430867,0.009526,0.047253,201458.000000,20.476520,6.527142,-0.035954
2,8188,142,125,146,125.350000,0.943960,2.274720,0.009626,1.956022,0.010034,1.371729,0.010086,6.745771,0.009044,0.044476,219783.000000,20.525873,6.521035,-0.034144
2,8188,142,125,147,130.350000,0.937747,2.389991,0.010054,2.052493,0.010818,1.434773,0.011242,7.040959,0.009866,0.048417,219339.000000,20.423103,6.511714,-0.089397
2,8188,142,125,148,135.350000,0.941694,2.515007,0.010523,2.178060,0.011901,1.533031,0.012954,7.440443,0.011028,0.053524,239128.000000,20.433329,6.514286,-0.050114
2,8188,142,125,149,140.350000,0.942643,2.654656,0.010363,2.311702,0.012060,1.633360,0.013475,7.861496,0.011275,0.054270,251369.000000,20.482684,6.516132,-0.027500
2,8188,142,125,150,145.350000,0.949973,2.790101,0.009547,2.456855,0.011439,1.753132,0.013081,8.326860,0.010786,0.051233,256694.000000,20.777133,6.569881,-0.024906
2,8188,142,125,151,150.350000,0.954554,2.921039,0.009916,2.592751,0.011085,1.862692,0.011979,8.759673,0.010374,0.048787,278186.000000,20.634773,6.543045,-0.013247
2,8188,142,125,152,155.350000,0.954551,3.079760,0.010947,2.744251,0.012044,1.976267,0.012853,9.235621,0.011285,0.052738,301027.000000,20.609994,6.510034,0.001844
2,8188,142,125,153,160.350000,0.957609,3.258166,0.011268,2.923255,0.012365,2.116704,0.013176,9.801921,0.011632,0.053867,330552.000000,20.635353,6.507846,-0.011789
2,8188,142,125,154,165.350000,0.958173,3.446902,0.012259,3.105702,0.014619,2.255154,0.016746,10.375823,0.013937,0.064123,360519.000000,20.713387,6.502706,-0.014933
2,8188,142,125,155,170.350000,0.972733,3.680712,0.012705,3.377292,0.016083,2.494363,0.019180,11.248002,0.015508,0.069932,427102.000000,20.938180,6.488359,0.012428
2,8188,143,125,141,100.350000,0.879809,2.354403,0.008754,1.905309,0.016871,1.253062,0.025265,6.507573,0.016774,0.087111,255851.000000,22.325023,6.625810,0.119334
2,8188,143,125,142,105.350000,0.913606,2.457460,0.007347,2.066028,0.012822,1.411357,0.018135,7.053349,0.012654,0.063237,278607.000000,22.394151,6.575178,0.113164
2,8188,143,125,143,110.350000,0.929213,2.534959,0.007041,2.170221,0.010267,1.509015,0.013351,7.400073,0.009911,0.048601,285674.000000,22.580861,6.565571,0.102182
2,8188,143,125,144,115.350000,0.940304,2.635954,0.006243,2.288853,0.008422,1.612820,0.010454,7.786747,0.008059,0.038908,292537.000000,22.901161,6.562589,0.122533
2,8188,143,125,145,120.350000,0.946561,2.699524,0.005655,2.362985,0.006103,1.677620,0.006377,8.027596,0.005648,0.027028,305970.000000,22.779414,6.551173,0.118041
2,8188,143,125,146,125.350000,0.940588,2.788607,0.007137,2.433070,0.006278,1.719798,0.005167,8.240176,0.005604,0.026851,324717.000000,22.933021,6.540610,0.100667
2,8188,143,125,147,130.350000,0.932277,2.898552,0.008164,2.515734,0.007890,1.766483,0.007355,8.489380,0.007209,0.034647,321717.000000,22.980036,6.484407,0.135243
2,8188,143,125,148,135.350000,0.931413,3.025237,0.008083,2.631572,0.009083,1.849725,0.009880,8.852210,0.008540,0.040870,330682.000000,23.079959,6.456286,0.125268
2,8188,143,125,149,140.350000,0.936306,3.143086,0.008142,2.754755,0.008961,1.949228,0.009569,9.245360,0.008428,0.039975,336002.000000,23.234153,6.435743,0.121787
2,8188,143,125,150,145.350000,0.934361,3.281145,0.008634,2.878420,0.009225,2.036248,0.009599,9.631414,0.008662,0.040971,349988.000000,23.630328,6.417302,0.105984
2,8188,143,125,151,150.350000,0.936398,3.426373,0.008360,3.020278,0.010070,2.144683,0.011619,10.079641,0.009625,0.045235,356408.000000,23.614019,6.396050,0.099406
2,8188,143,125,152,155.350000,0.945902,3.567584,0.007720,3.182573,0.009215,2.285443,0.010543,10.601568,0.008819,0.040910,377111.000000,23.782244,6.354960,0.090503
2,8188,143,125,153,160.350000,0.947128,3.701782,0.007235,3.313552,0.008255,2.385631,0.009127,11.014614,0.007871,0.036339,391148.000000,24.000509,6.350490,0.066021
2,8188,143,125,154,165.350000,0.951795,3.835417,0.006968,3.456120,0.008250,2.503175,0.009392,11.468480,0.007915,0.036263,401059.000000,24.266177,6.332505,0.050512
2,8188,144,140,141,100.350000,0.881109,2.217752,0.007573,1.787475,0.004996,1.173182,0.002086,6.138929,0.003985,0.020855,208302.000000,24.212065,6.389087,0.053101
2,8188,144,140,142,105.350000,0.865881,2.301726,0.008884,1.832124,0.008835,1.185419,0.008456,6.261262,0.007953,0.042005,213150.000000,24.424234,6.360394,0.060554
2,8188,144,140,143,110.350000,0.872164,2.422229,0.009945,1.949340,0.012104,1.273424,0.013999,6.636869,0.011392,0.059373,215261.000000,24.657641,6.311206,0.087678
2,8188,144,140,144,115.350000,0.878499,2.542616,0.010133,2.068065,0.013497,1.363682,0.016678,7.017331,0.012898,0.066373,234997.000000,25.033908,6.339952,0.046433
2,8188,144,140,145,120.350000,0.895818,2.679884,0.011620,2.228471,0.015238,1.500857,0.018581,7.541981,0.014571,0.073221,262035.000000,25.062168,6.299589,0.042967
2,8188,144,140,146,125.350000,0.905214,2.854006,0.011921,2.407640,0.014601,1.642552,0.017002,8.116266,0.013874,0.068557,284023.000000,25.330378,6.303897,0.038393
2,8188,144,140,147,130.350000,0.913585,3.020115,0.011366,2.580018,0.014205,1.780130,0.016808,8.668070,0.013565,0.066055,295927.000000,25.468505,6.311929,0.026327
2,8188,144,140,148,135.350000,0.925096,3.197265,0.012194,2.774120,0.015134,1.941761,0.017817,9.292130,0.014478,0.069281,323258.000000,25.715150,6.273240,0.014227
2,8188,144,140,149,140.350000,0.934712,3.409977,0.012947,2.999851,0.014657,2.126100,0.016062,10.013342,0.013916,0.065540,324720.000000,25.980629,6.226766,0.010474
2,8188,144,140,150,145.350000,0.934745,3.638771,0.013576,3.213815,0.017189,2.283251,0.020645,10.685570,0.016551,0.077461,344559.000000,26.596654,6.216954,0.011990
2,8188,144,140,151,150.350000,0.960639,3.903980,0.014712,3.552274,0.019460,2.597466,0.023934,11.781961,0.018877,0.085623,369385.000000,26.822054,6.222457,0.012964
2,8188,144,140,152,155.350000,0.975348,4.213116,0.015969,3.905102,0.020436,2.904926,0.024685,12.909599,0.019794,0.087967,385408.000000,27.168897,6.202674,0.012856
2,8188,144,140,153,160.350000,0.997151,4.576758,0.015891,4.350337,0.020469,3.314555,0.024717,14.337342,0.019916,0.086150,494564.000000,27.723989,6.139207,0.001609
2,8188,146,141,143,110.350000,1.006297,2.828807,0.020011,2.629307,0.018865,1.983032,0.017029,8.942919,0.017011,0.076717,290913.000000,29.187553,6.138497,0.059947
2,8188,146,141,144,115.350000,0.992576,3.111845,0.017900,2.877317,0.016764,2.151873,0.015054,9.703576,0.015252,0.068775,310397.000000,30.022713,6.121496,0.017546
2,8188,146,141,145,120.350000,0.979883,3.385815,0.016707,3.111647,0.015978,2.306981,0.014763,10.422866,0.014735,0.066570,326562.000000,30.377644,6.096101,0.016406
2,8188,146,141,146,125.350000,0.972832,3.677503,0.016093,3.374493,0.015375,2.492461,0.014238,11.239340,0.014302,0.064492,340043.000000,30.960480,6.052039,0.006698
2,8188,146,141,147,130.350000,0.962722,3.977648,0.015329,3.630468,0.015247,2.661863,0.014804,12.030315,0.014344,0.064829,361174.000000,31.487237,6.028214,0.028164
2,8188,146,141,148,135.350000,0.962598,4.287239,0.014442,3.928040,0.015151,2.886513,0.015566,12.965003,0.014419,0.064762,402425.000000,32.189998,6.001179,0.018089
2,8188,147,141,143,110.350000,1.048988,2.809022,0.024145,2.710486,0.024257,2.125458,0.023526,9.257107,0.022009,0.095856,298217.000000,31.837673,6.105115,-0.045074
2,8188,147,141,144,115.350000,1.038990,3.148142,0.022106,3.039224,0.021337,2.375480,0.019869,10.275794,0.019464,0.084197,323851.000000,33.025656,6.080697,-0.025596
2,8188,147,141,145,120.350000,1.022349,3.504946,0.021709,3.358975,0.021026,2.597447,0.019711,11.257194,0.019411,0.084125,365045.000000,33.833760,6.012175,-0.060652
2,8188,147,141,146,125.350000,1.014685,3.909020,0.022039,3.745473,0.021238,2.887466,0.019883,12.460888,0.019817,0.085520,388635.000000,34.842787,5.966690,-0.022171
2,8188,147,141,147,130.350000,1.000648,4.366471,0.021650,4.154421,0.021662,3.171557,0.021191,13.726564,0.020464,0.088568,425149.000000,35.736108,5.927844,-0.052092
2,8188,147,141,148,135.350000,1.001278,4.854352,0.020101,4.645405,0.021138,3.559546,0.021800,15.269886,0.020214,0.086715,500221.000000,36.876245,5.847523,-0.044258
2,8188,154,144,154,165.350000,1.038822,2.516372,0.020293,2.382475,0.025283,1.839296,0.029751,8.212322,0.023575,0.105259,284631.000000,27.203992,6.124981,0.065598
2,8188,154,144,155,170.350000,1.054299,2.771692,0.020551,2.683652,0.023947,2.112902,0.026707,9.180338,0.022290,0.096847,292538.000000,27.987363,6.127964,0.023950
2,8188,154,144,156,175.350000,1.058145,3.085980,0.021524,3.025130,0.024012,2.403598,0.025887,10.258599,0.022367,0.095465,342699.000000,28.676121,6.101733,-0.053645
2,8188,154,144,157,180.350000,1.063062,3.435905,0.022372,3.410059,0.023603,2.735121,0.024210,11.474921,0.022005,0.092318,382442.000000,29.623640,6.081549,-0.076982
2,8188,154,144,158,185.350000,1.055648,3.854646,0.021727,3.829999,0.021929,3.065766,0.021570,12.783611,0.020475,0.085374,410301.000000,30.407270,6.046227,-0.067704
2,8188,158,143,155,170.350000,0.935049,1.973097,0.007599,1.657312,0.009748,1.140871,0.011672,5.796057,0.009040,0.045928,183987.000000,23.724418,6.296752,0.044302
2,8188,158,143,156,175.350000,0.941538,2.048069,0.008592,1.738092,0.011541,1.207455,0.014272,6.058045,0.010838,0.054376,181907.000000,23.895032,6.279439,0.034740
2,8188,158,143,157,180.350000,0.955736,2.149061,0.009389,1.857910,0.011492,1.313200,0.013270,6.452624,0.010649,0.052323,190596.000000,24.355963,6.266261,0.038236
2,8188,158,143,158,185.350000,0.954313,2.249838,0.011241,1.951609,0.011638,1.381716,0.011606,6.745155,0.010439,0.050962,218915.000000,24.798370,6.241364,0.031353
2,8188,158,143,159,190.350000,0.948423,2.401959,0.012965,2.085038,0.014104,1.473569,0.014811,7.156778,0.012883,0.062571,224800.000000,26.973760,6.143036,0.055854
2,8188,158,143,160,195.350000,0.952873,2.561244,0.013889,2.245689,0.014048,1.599960,0.013735,7.667183,0.012771,0.061202,244483.000000,25.986558,6.274301,0.086451
2,8188,158,143,161,200.350000,0.939109,2.757682,0.014794,2.400502,0.015091,1.693316,0.014914,8.135986,0.013826,0.066430,267246.000000,25.961250,6.239878,0.098211
2,8188,158,143,162,205.350000,0.942539,2.969212,0.016043,2.607950,0.018474,1.852501,0.020507,8.792056,0.017392,0.082545,285604.000000,26.408483,6.216556,0.084669
2,8188,158,143,163,210.350000,0.951288,3.234045,0.017283,2.882306,0.020124,2.073209,0.022563,9.665140,0.019080,0.088951,316705.000000,26.990479,6.212124,0.066034
2,8188,158,143,164,215.350000,0.959597,3.528153,0.017635,3.187994,0.020057,2.320282,0.022081,10.636192,0.019054,0.087342,349751.000000,27.724471,6.115434,0.045169
2,8188,158,143,165,220.350000,0.965081,3.856247,0.018689,3.521714,0.019832,2.585543,0.020552,11.691720,0.018787,0.084955,382481.000000,28.482705,6.077425,0.030774
2,8188,158,143,166,225.350000,0.961384,4.248858,0.018481,3.886438,0.018769,2.851670,0.018665,12.832733,0.017783,0.080024,435535.000000,29.290871,6.087532,0.006567
2,8188,159,143,155,170.350000,1.044004,2.125571,0.010905,1.985200,0.013792,1.521671,0.016339,6.971522,0.012698,0.058176,244866.000000,25.636494,6.346831,0.050617
2,8188,159,143,156,175.350000,1.052881,2.241464,0.011038,2.122097,0.013545,1.645986,0.015678,7.414145,0.012470,0.056169,251597.000000,25.940998,6.326372,-0.047315
2,8188,159,143,157,180.350000,1.059166,2.372989,0.012255,2.272643,0.012846,1.779735,0.012954,7.896049,0.011493,0.050989,261694.000000,26.581168,6.235784,-0.031527
2,8188,159,143,158,185.350000,1.046038,2.532274,0.013396,2.414038,0.012412,1.876535,0.010875,8.321621,0.010865,0.048182,297042.000000,27.113387,6.192945,-0.041285
2,8188,159,143,159,190.350000,1.032808,2.712210,0.013507,2.572277,0.011726,1.983809,0.009417,8.800203,0.010244,0.045442,302239.000000,29.463427,6.134539,-0.055333
2,8188,159,143,160,195.350000,1.012833,2.898606,0.014028,2.715659,0.010937,2.063358,0.007310,9.223102,0.009441,0.042202,329076.000000,28.533732,6.133457,0.031127
2,8188,159,143,161,200.350000,0.987026,3.118830,0.015176,2.869297,0.012383,2.134634,0.009026,9.670972,0.010960,0.049655,330191.000000,28.610965,6.127994,0.084809
2,8188,159,143,162,205.350000,0.970726,3.371906,0.014800,3.070975,0.014647,2.256032,0.014070,10.283051,0.013571,0.061855,331950.000000,29.303663,6.114196,0.069474
2,8188,159,143,163,210.350000,0.973651,3.617886,0.014337,3.319116,0.016564,2.452067,0.018495,11.066440,0.015766,0.071156,363209.000000,30.138900,6.077133,0.062284
2,8188,159,143,164,215.350000,0.984059,3.890600,0.014339,3.620766,0.018282,2.709549,0.022016,12.027841,0.017641,0.078308,396461.000000,31.175309,6.006602,0.043214
2,8188,159,143,165,220.350000,1.005318,4.175741,0.013657,3.981056,0.018100,3.048594,0.022243,13.188238,0.017597,0.076127,424014.000000,32.330404,5.930514,0.025871
2,8188,161,142,156,175.350000,0.982149,2.056763,0.015116,1.813039,0.018411,1.310192,0.021209,6.346165,0.016857,0.081652,218811.000000,19.977211,6.505999,0.021097
2,8188,161,142,157,180.350000,0.990098,2.212217,0.014031,1.979939,0.015489,1.449133,0.016414,6.881067,0.014019,0.066570,239011.000000,20.116588,6.496575,0.046578
2,8188,161,142,158,185.350000,0.983079,2.367169,0.013808,2.119714,0.013244,1.548052,0.012131,7.310847,0.011697,0.055243,253703.000000,20.235341,6.509841,0.026819
2,8188,161,142,159,190.350000,0.969848,2.539084,0.013077,2.260670,0.012457,1.636922,0.011338,7.736252,0.011103,0.052472,287804.000000,22.018271,6.337880,0.019407
2,8188,161,142,160,195.350000,0.963442,2.699195,0.012711,2.401320,0.011751,1.733651,0.010344,8.169768,0.010527,0.049607,253995.000000,20.660712,6.515039,-0.049233
2,8188,161,142,161,200.350000,0.949376,2.882188,0.013206,2.542855,0.010732,1.816255,0.007795,8.596273,0.009452,0.044738,274148.000000,20.386063,6.419620,-0.029742
2,8188,161,142,162,205.350000,0.928353,3.079824,0.013432,2.674212,0.013785,1.875230,0.013753,8.982329,0.012775,0.061193,284268.000000,20.485055,6.416346,-0.032962
2,8188,161,142,163,210.350000,0.941040,3.295869,0.013785,2.911503,0.016861,2.074155,0.019641,9.743790,0.016115,0.075705,296853.000000,20.574245,6.412284,-0.029640
2,8188,161,142,164,215.350000,0.950432,3.534167,0.013840,3.165130,0.016822,2.282605,0.019536,10.552559,0.016112,0.074484,320215.000000,20.737963,6.407062,-0.029215
2,8188,161,142,165,220.350000,0.962415,3.784987,0.014163,3.443955,0.017984,2.520086,0.021579,11.443968,0.017344,0.078762,359077.000000,20.900424,6.381282,-0.027882
2,8188,161,142,166,225.350000,0.980481,4.070236,0.014414,3.784484,0.017773,2.826413,0.020854,12.537436,0.017141,0.076032,400593.000000,21.034728,6.382659,-0.033659
2,8188,161,142,167,230.350000,0.989728,4.371675,0.013791,4.116555,0.016133,3.109518,0.018209,13.592952,0.015530,0.067889,434687.000000,21.237415,6.348797,-0.037231
2,8188,162,142,156,175.350000,1.020502,1.890668,0.016339,1.705939,0.024294,1.268205,0.032069,6.061484,0.022908,0.109493,211815.000000,21.898606,6.443146,-0.156952
2,8188,162,142,157,180.350000,1.051492,2.045124,0.016193,1.913160,0.021114,1.471553,0.025424,6.755781,0.019556,0.089778,219987.000000,22.198902,6.419894,-0.095485
2,8188,162,142,158,185.350000,1.057669,2.221830,0.015928,2.109893,0.018007,1.642337,0.019468,7.382617,0.016244,0.073021,264985.000000,22.442011,6.344204,-0.181039
2,8188,162,142,159,190.350000,1.055502,2.399017,0.016080,2.293083,0.018635,1.791285,0.020657,7.955038,0.017037,0.075662,288918.000000,24.485396,6.278268,-0.112540
2,8188,162,142,160,195.350000,1.066644,2.607591,0.016290,2.537212,0.017766,2.012359,0.018662,8.737935,0.016223,0.070443,294757.000000,23.229623,6.375448,-0.113666
2,8188,162,142,161,200.350000,1.056517,2.823801,0.015009,2.743849,0.014975,2.166836,0.014411,9.372608,0.013530,0.058522,318387.000000,23.162178,6.309557,-0.129831
2,8188,162,142,162,205.350000,1.050671,3.031410,0.015196,2.948114,0.016961,2.324612,0.018302,10.006020,0.015767,0.067867,350301.000000,23.475998,6.311685,-0.118377
2,8188,162,142,163,210.350000,1.061232,3.284461,0.016241,3.243889,0.019490,2.592296,0.022349,10.950260,0.018440,0.077895,372077.000000,23.791094,6.308825,-0.108113
2,8188,162,142,164,215.350000,1.073755,3.564846,0.016239,3.580346,0.018566,2.903952,0.020480,12.025299,0.017543,0.072646,399016.000000,24.200959,6.280957,-0.088401
2,8188,162,142,165,220.350000,1.076028,3.863366,0.016521,3.908615,0.018625,3.187032,0.020356,13.059879,0.017639,0.072280,452842.000000,24.662638,6.238292,-0.074573
2,8188,162,142,166,225.350000,1.085152,4.203118,0.016937,4.308317,0.018616,3.552718,0.019910,14.328875,0.017673,0.071280,503460.000000,25.110160,6.232403,-0.060465
2,8188,162,142,167,230.350000,1.084789,4.575237,0.016267,4.710630,0.017081,3.894376,0.017546,15.592247,0.016205,0.064882,565610.000000,25.697690,6.191435,-0.053709
2,8188,165,154,159,190.350000,1.029976,2.076054,0.027413,1.910625,0.024497,1.443692,0.020292,6.717622,0.020640,0.096038,206551.000000,32.049209,5.987413,-0.001170
2,8188,165,154,160,195.350000,0.999300,2.360604,0.024564,2.144651,0.022516,1.590171,0.019401,7.410869,0.019531,0.091022,230423.000000,31.368689,6.056892,-0.041783
2,8188,165,154,161,200.350000,0.978577,2.655908,0.023029,2.393506,0.021969,1.752197,0.020063,8.165034,0.019689,0.091747,246447.000000,31.346203,5.988538,0.023255
2,8188,165,154,162,205.350000,0.965832,2.972221,0.021508,2.670479,0.020213,1.941711,0.018233,9.018465,0.018375,0.085344,269399.000000,32.661223,5.942132,-0.006291
2,8188,165,154,163,210.350000,0.948810,3.295174,0.019722,2.933301,0.018917,2.106226,0.017533,9.822171,0.017451,0.081380,280362.000000,33.464621,5.914764,0.000523
2,8188,165,154,164,215.350000,0.943173,3.622100,0.017624,3.225361,0.018271,2.310997,0.018497,10.732513,0.017195,0.079855,307349.000000,34.817288,5.833925,-0.007609
2,8188,165,154,165,220.350000,0.944167,3.933541,0.015835,3.522612,0.016877,2.533694,0.017579,11.667620,0.016029,0.073814,317786.000000,36.446913,5.757629,-0.014457
2,8188,176,161,168,235.350000,0.986237,2.382936,0.032240,2.141404,0.030714,1.569253,0.027923,7.383181,0.027227,0.098539,232302.000000,20.323836,6.307031,-0.001349
2,8188,176,161,169,240.350000,0.964948,2.767067,0.018025,2.470256,0.016820,1.788344,0.014992,8.388295,0.015125,0.081859,250902.000000,20.403355,6.271645,-0.025147
2,8188,176,161,170,250.350000,0.944051,3.131099,0.016521,2.764656,0.015044,1.971412,0.013055,9.286285,0.013707,0.074499,326265.000000,20.580279,6.196044,-0.076211
2,8188,176,161,171,255.350000,0.925148,3.543022,0.021555,3.094143,0.018947,2.174395,0.015752,10.297576,0.017419,0.063455,333711.000000,20.642945,6.241171,-0.059849
2,8188,176,161,172,260.350000,0.905534,3.894790,0.018064,3.350895,0.015324,2.313931,0.012061,11.079978,0.014123,0.052019,363824.000000,20.798543,6.262747,-0.028988
2,8188,177,161,168,235.350000,1.020342,2.296552,0.034919,2.119846,0.037503,1.599732,0.038741,7.361591,0.033736,0.126362,236119.000000,22.644111,6.270460,-0.020596
2,8188,177,161,169,240.350000,1.015202,2.697521,0.019161,2.517353,0.020354,1.909611,0.020911,8.603342,0.018619,0.102417,260198.000000,23.007681,6.214287,-0.033820
2,8188,177,161,170,250.350000,1.011795,3.071864,0.016544,2.888404,0.017734,2.198715,0.018447,9.764379,0.016463,0.089264,356951.000000,23.675544,6.111539,0.043162
2,8188,177,161,171,255.350000,1.013355,3.459853,0.023005,3.285686,0.024746,2.517997,0.025895,11.014607,0.023218,0.082669,398760.000000,24.039367,6.134176,0.026061
2,8188,177,161,172,260.350000,1.014053,3.867793,0.019956,3.701472,0.021105,2.850745,0.021784,12.321791,0.019915,0.070063,452851.000000,24.450305,6.049890,0.031483
2,8188,177,161,173,265.350000,1.013099,4.231713,0.017200,4.066882,0.017970,3.138996,0.018366,13.468455,0.017027,0.059467,502410.000000,24.929862,5.983795,0.016339
2,8188,178,162,168,235.350000,1.164512,2.499182,0.038042,2.619309,0.029908,2.248374,0.020259,9.143065,0.024746,0.085383,314971.000000,25.239442,6.172292,-0.064644
2,8188,178,162,169,240.350000,1.099468,2.974548,0.020904,3.011004,0.017635,2.476125,0.013448,10.274331,0.015279,0.080687,354445.000000,25.847677,6.085483,-0.025577
2,8188,178,162,170,250.350000,1.066421,3.431898,0.018473,3.415791,0.016853,2.747853,0.014623,11.497751,0.015289,0.081419,393503.000000,26.966763,5.933919,0.023820
2,8188,178,162,171,255.350000,1.046931,3.925509,0.027075,3.874520,0.024528,3.078848,0.021262,12.911122,0.022631,0.080523,445984.000000,27.714384,5.929068,0.008184
2,8188,178,162,172,260.350000,1.021176,4.494738,0.024283,4.366131,0.023680,3.402465,0.022500,14.419652,0.022295,0.080171,502783.000000,28.513480,5.882745,-0.019956
2,8188,178,162,173,265.350000,1.023145,5.016951,0.023390,4.908418,0.023891,3.844410,0.023947,16.126010,0.022804,0.081160,572213.000000,29.454907,5.765026,-0.003289
2,8188,178,162,174,270.350000,1.016277,5.668178,0.022978,5.538794,0.022762,4.323087,0.022145,18.096953,0.021782,0.077367,626646.000000,30.685343,5.741862,-0.014367
2,8188,180,176,174,265.350000,0.888809,2.061837,0.023369,1.663048,0.023645,1.095446,0.022995,5.757217,0.021081,0.110793,174970.000000,19.864597,6.244526,0.018924
2,8188,180,176,175,270.350000,0.879706,2.302749,0.020580,1.859665,0.020809,1.221394,0.020307,6.364055,0.018807,0.097992,197275.000000,19.958011,6.212879,-0.036861
2,8188,180,176,176,275.350000,0.872937,2.535752,0.018959,2.050022,0.020255,1.343472,0.020982,6.954081,0.018705,0.096819,221084.000000,19.947101,6.120753,-0.059282
2,8188,180,176,177,280.350000,0.876515,2.783498,0.018856,2.274903,0.020052,1.503276,0.020718,7.664784,0.018686,0.095273,240180.000000,19.911100,6.140750,-0.001227
2,8188,180,176,178,285.350000,0.872196,3.060597,0.017602,2.506187,0.019786,1.654918,0.021580,8.386292,0.018690,0.094712,271710.000000,20.018674,6.119416,-0.008397
2,8188,180,176,179,290.350000,0.884555,3.322231,0.017374,2.770783,0.020959,1.860399,0.024196,9.232184,0.020068,0.099587,304344.000000,20.141811,6.028113,-0.002811
2,8188,180,176,180,295.350000,0.895918,3.637807,0.017350,3.086923,0.020483,2.105062,0.023245,10.239008,0.019666,0.095658,345383.000000,20.314341,6.005123,-0.019092
2,8188,181,176,174,265.350000,0.954368,2.241399,0.017800,1.943657,0.019693,1.375826,0.020956,6.720245,0.017913,0.087495,211627.000000,21.929060,6.177236,0.008171
2,8188,181,176,175,270.350000,0.954863,2.440882,0.018368,2.135042,0.021206,1.519985,0.023494,7.322137,0.019619,0.094509,238271.000000,22.230664,6.150974,0.005545
2,8188,181,176,176,275.350000,0.965291,2.689735,0.018953,2.396415,0.023144,1.732938,0.026859,8.156762,0.021790,0.102562,260969.000000,22.478664,6.086678,0.035954
2,8188,181,176,177,280.350000,0.981627,2.950663,0.018684,2.689663,0.022980,1.985440,0.026821,9.099472,0.021782,0.099829,334010.000000,22.608295,5.952336,0.073199
2,8188,181,176,178,285.350000,0.995753,3.241047,0.018738,3.014498,0.024232,2.265457,0.029418,10.138802,0.023207,0.103861,383793.000000,22.964299,5.933948,0.054559
2,8188,181,176,179,290.350000,1.024576,3.557968,0.017607,3.420130,0.023752,2.651883,0.029583,11.452393,0.022947,0.099098,434429.000000,23.347094,5.825253,0.035452
2,8188,181,176,180,295.350000,1.050749,3.867517,0.016008,3.826852,0.021256,3.049952,0.026103,12.766767,0.020591,0.086190,489455.000000,23.847450,5.804671,0.025752
2,8188,182,177,175,270.350000,1.063319,2.358403,0.021482,2.265095,0.021760,1.779536,0.021150,7.878280,0.019270,0.085311,296624.000000,24.440767,5.926700,0.002956
2,8188,182,177,176,275.350000,1.052699,2.611719,0.020446,2.511537,0.020535,1.967723,0.019858,8.637348,0.018408,0.080803,329631.000000,24.943876,5.907735,-0.030549
2,8188,182,177,177,280.350000,1.041993,2.892382,0.019917,2.780837,0.020708,2.170279,0.020848,9.468259,0.018940,0.082632,357101.000000,25.351308,5.813401,0.007008
2,8188,182,177,178,285.350000,1.041532,3.187795,0.018393,3.087392,0.019175,2.420180,0.019413,10.430683,0.017747,0.076486,386884.000000,25.988391,5.815348,0.043982
2,8188,182,177,179,290.350000,1.035744,3.478721,0.017332,3.372847,0.018297,2.640103,0.018801,11.319362,0.017088,0.073262,417386.000000,26.675711,5.706672,0.039372
2,8188,182,177,180,295.350000,1.038284,3.790740,0.016329,3.704518,0.018244,2.916534,0.019789,12.364887,0.017279,0.073257,461870.000000,27.455124,5.648711,0.034449
2,8188,182,177,181,300.350000,1.045255,4.097718,0.015080,4.048694,0.016741,3.217246,0.018070,13.455940,0.015920,0.066583,490279.000000,28.261355,5.564697,0.013451
2,8188,182,177,182,305.350000,1.047420,4.408671,0.014106,4.382293,0.015225,3.497901,0.016047,14.507028,0.014491,0.060098,534762.000000,29.135393,5.511739,-0.006784
2,8188,183,177,175,270.350000,0.985023,2.400478,0.023231,2.156305,0.027269,1.579069,0.030601,7.428379,0.025175,0.118432,245666.000000,26.682946,5.952498,-0.023083
2,8188,183,177,176,275.350000,0.993602,2.679308,0.022083,2.450301,0.025127,1.820676,0.027500,8.363440,0.023332,0.107177,278091.000000,27.487674,5.907477,-0.003555
2,8188,183,177,177,280.350000,0.997834,2.992138,0.021636,2.771984,0.024186,2.079748,0.026135,9.379717,0.022589,0.101878,328222.000000,28.126820,5.803780,0.003570
2,8188,183,177,178,285.350000,1.002977,3.326700,0.020595,3.120720,0.022472,2.364217,0.023810,10.482243,0.021088,0.093500,360141.000000,29.075555,5.713726,0.032488
2,8188,183,177,179,290.350000,1.003269,3.677270,0.019837,3.473284,0.021485,2.642660,0.022664,11.590252,0.020274,0.088918,402040.000000,30.061357,5.580889,0.035883
2,8188,183,177,180,295.350000,1.007004,4.056159,0.018581,3.866948,0.020120,2.963140,0.021254,12.832044,0.019106,0.082738,449961.000000,31.180251,5.528315,0.020771
2,8188,183,177,181,300.350000,1.008740,4.430948,0.016917,4.251306,0.018082,3.272434,0.018903,14.041901,0.017232,0.073942,506081.000000,32.333238,5.419732,0.006451
2,8188,186,178,176,275.350000,1.034441,3.456312,0.025361,3.345713,0.021114,2.614997,0.016154,11.232299,0.019048,0.081819,367004.000000,30.461010,5.702931,0.016109
2,8188,186,178,177,280.350000,1.005464,3.894596,0.023066,3.698921,0.021197,2.826210,0.018664,12.302082,0.019610,0.085358,428213.000000,31.490320,5.605285,0.007103
2,8188,186,178,178,285.350000,0.997380,4.354653,0.021564,4.129763,0.021824,3.142488,0.021615,13.644696,0.020655,0.089684,459516.000000,32.862688,5.547792,0.009204
2,8188,186,178,179,290.350000,0.995723,4.833640,0.019819,4.600196,0.020453,3.505473,0.020710,15.120380,0.019519,0.084193,503980.000000,34.300805,5.405874,0.005304
2,8188,190,180,181,300.350000,0.887478,2.019692,0.020309,1.623408,0.027285,1.066372,0.033874,5.631092,0.025634,0.135366,187987.000000,19.424623,5.937146,-0.009048
2,8188,190,180,182,305.350000,0.908932,2.224779,0.019937,1.844878,0.024140,1.246985,0.027684,6.352843,0.022498,0.114620,207517.000000,19.506462,5.899921,-0.032287
2,8188,190,180,183,310.350000,0.912367,2.463252,0.020032,2.068753,0.024208,1.411588,0.027887,7.060385,0.022679,0.113435,231138.000000,19.523842,5.859467,-0.013304
2,8188,190,180,184,315.350000,0.931444,2.718213,0.019940,2.345678,0.022994,1.640634,0.025454,7.954084,0.021571,0.104581,248031.000000,19.585808,5.822613,0.005568
2,8188,190,180,185,320.350000,0.929547,3.005275,0.019698,2.608115,0.021610,1.829194,0.023010,8.776175,0.020236,0.097089,313639.000000,19.810481,5.732950,0.032317
2,8188,190,180,186,325.350000,0.935646,3.310191,0.018535,2.909297,0.020699,2.061529,0.022421,9.730037,0.019572,0.092376,352856.000000,19.948919,5.699691,0.023833
2,8188,190,180,187,330.350000,0.939456,3.618815,0.017057,3.210315,0.018753,2.291402,0.020064,10.680527,0.017799,0.082961,381848.000000,19.969849,5.648937,0.002956
2,8188,192,181,181,300.350000,1.104102,2.053035,0.019793,2.005151,0.022076,1.613275,0.023499,7.121235,0.019458,0.085889,273809.000000,23.320544,5.720439,0.022633
2,8188,192,181,182,305.350000,1.102415,2.256217,0.017218,2.226478,0.017884,1.802825,0.017811,7.814046,0.015714,0.068109,301518.000000,23.788572,5.700987,-0.030709
2,8188,192,181,183,310.350000,1.088509,2.441511,0.015928,2.403336,0.015314,1.934375,0.014017,8.349120,0.013359,0.057661,330945.000000,24.197933,5.568496,-0.031059
2,8188,192,181,184,315.350000,1.074563,2.645100,0.015300,2.594529,0.014629,2.073974,0.013351,8.929434,0.012939,0.055707,345944.000000,24.782947,5.498326,-0.026018
2,8188,192,181,185,320.350000,1.062951,2.846198,0.013594,2.782898,0.012392,2.211279,0.010681,9.504476,0.010985,0.047215,369791.000000,25.465733,5.395019,-0.036584
2,8188,192,181,186,325.350000,1.047047,3.032011,0.013108,2.939388,0.012076,2.310160,0.010572,9.973481,0.010837,0.046788,401786.000000,26.151720,5.372202,-0.068543
2,8188,192,181,187,330.350000,1.038776,3.243644,0.013049,3.137853,0.012650,2.455501,0.011838,10.585346,0.011561,0.049836,433739.000000,26.719004,5.324486,-0.089779
2,8188,193,181,181,300.350000,1.056490,2.134321,0.014171,2.015356,0.012390,1.562308,0.009917,7.083940,0.010316,0.046776,248911.000000,25.330818,5.712921,0.051542
2,8188,193,181,182,305.350000,1.037475,2.285543,0.013978,2.140207,0.012411,1.639774,0.010188,7.449328,0.010529,0.047831,254232.000000,25.965416,5.677256,0.016648
2,8188,193,181,183,310.350000,1.020681,2.453800,0.014177,2.280977,0.012563,1.729368,0.010340,7.868268,0.010849,0.049363,280986.000000,26.556030,5.549467,0.029736
2,8188,193,181,184,315.350000,1.003612,2.633412,0.014863,2.426768,0.013694,1.818598,0.011940,8.302989,0.012118,0.055328,302938.000000,27.300096,5.491396,0.035476
2,8188,193,181,185,320.350000,0.992840,2.845201,0.015397,2.613288,0.014077,1.946513,0.012220,8.874458,0.012615,0.057512,320468.000000,28.211006,5.359660,0.040748
2,8188,193,181,186,325.350000,0.976484,3.071492,0.015916,2.794635,0.014419,2.056459,0.012390,9.422459,0.013039,0.059744,343662.000000,29.057821,5.314447,0.024699
2,8188,193,181,187,330.350000,0.964559,3.334068,0.015751,3.016245,0.014694,2.201311,0.013161,10.103063,0.013473,0.061836,374262.000000,29.882040,5.197297,0.018688
2,8188,212,204,190,345.350000,1.002358,2.276466,0.023779,2.066219,0.028474,1.532718,0.032434,7.168592,0.026193,0.122508,291298.000000,19.257331,5.481496,-0.039464
2,8188,212,204,191,350.350000,1.013173,2.547125,0.020463,2.360385,0.023887,1.781278,0.026668,8.107440,0.022142,0.100781,306165.000000,20.056415,5.368974,-0.061558
2,8188,212,204,192,355.350000,1.019865,2.797684,0.018880,2.630047,0.021485,2.007747,0.023528,8.963779,0.019978,0.089191,393697.000000,19.995580,5.339355,-0.053033
2,8188,212,204,193,360.350000,1.024504,3.075331,0.017874,2.925440,0.021009,2.253660,0.023702,9.898179,0.019768,0.086820,441100.000000,19.456351,5.297219,-0.070788
2,8188,212,204,194,365.350000,1.038452,3.347362,0.016639,3.244652,0.019907,2.541906,0.022775,10.920413,0.018884,0.081130,486817.000000,19.519645,5.287536,-0.083404
2,8188,212,204,195,370.350000,1.048130,3.632299,0.015689,3.571365,0.018296,2.832570,0.020523,11.960424,0.017391,0.073432,561057.000000,20.673718,5.247608,-0.097514
2,8188,213,204,190,345.350000,1.065418,2.373027,0.018994,2.284668,0.018901,1.798983,0.018015,7.942783,0.016673,0.073615,309671.000000,21.574956,5.485889,-0.047166
2,8188,213,204,191,350.350000,1.054128,2.598393,0.018240,2.500577,0.017478,1.961025,0.016007,8.604946,0.015490,0.067968,364394.000000,22.615679,5.377019,-0.037689
2,8188,213,204,192,355.350000,1.037082,2.846961,0.017968,2.721720,0.017646,2.112887,0.016685,9.275655,0.015931,0.069938,363516.000000,22.810487,5.274477,-0.016184
2,8188,213,204,193,360.350000,1.031987,3.109931,0.017617,2.980858,0.017180,2.313558,0.016187,10.082655,0.015696,0.068403,414151.000000,22.524370,5.190545,-0.017684
2,8188,213,204,194,365.350000,1.018092,3.394851,0.017540,3.233834,0.017301,2.487395,0.016547,10.858198,0.015973,0.069729,465568.000000,22.836070,5.165491,-0.022485
2,8188,213,204,195,370.350000,1.015145,3.705374,0.016761,3.540341,0.017315,2.725137,0.017448,11.817078,0.016229,0.070373,515479.000000,24.310501,5.044995,-0.027961
2,8188,216,205,195,370.350000,0.982976,1.732776,0.015645,1.495919,0.020128,1.066321,0.024093,5.351001,0.018276,0.091710,223644.000000,27.179992,4.921232,0.032234
2,8188,216,205,196,375.350000,0.994965,1.868325,0.015114,1.646472,0.016812,1.194775,0.017842,5.839964,0.014880,0.072732,240842.000000,27.043732,4.842873,-0.014793
2,8188,216,205,197,380.350000,0.982500,2.015147,0.015610,1.772726,0.016061,1.279490,0.015827,6.219984,0.014037,0.068239,263371.000000,27.541114,4.776472,-0.067493
2,8188,216,205,198,385.350000,0.978902,2.182894,0.014868,1.931197,0.014874,1.397285,0.014270,6.713077,0.013121,0.063037,268994.000000,28.354052,4.700691,-0.063838
2,8188,216,205,199,390.350000,0.966039,2.339708,0.013618,2.059977,0.011174,1.478887,0.008160,7.100784,0.009472,0.045479,287336.000000,29.277887,4.687094,-0.034169
2,8188,216,205,200,395.350000,0.939803,2.501514,0.013363,2.161388,0.009179,1.517958,0.004400,7.385666,0.007499,0.036487,303803.000000,30.894693,4.692677,-0.007909
2,8188,216,205,201,400.350000,0.911208,2.673979,0.012512,2.258366,0.009410,1.545673,0.005752,7.654649,0.008046,0.039847,296570.000000,31.263626,4.600715,-0.030427
2,8188,216,205,202,405.350000,0.898064,2.836078,0.011179,2.373899,0.007688,1.606859,0.003827,8.001573,0.006553,0.032634,308692.000000,32.847543,4.508852,-0.039782
2,8188,216,205,203,410.350000,0.870427,2.991023,0.011317,2.440875,0.007935,1.607162,0.004083,8.179030,0.006869,0.034957,300945.000000,33.721931,4.443556,0.001412
2,8188,216,205,204,415.350000,0.858637,3.174580,0.011564,2.567594,0.009871,1.672481,0.007811,8.563386,0.008977,0.045962,360405.000000,34.961110,4.337748,-0.028874
2,8188,218,212,196,375.350000,1.074415,1.998463,0.017554,1.899450,0.017524,1.487182,0.016636,6.745562,0.014954,0.067829,304897.000000,18.984392,5.298381,0.024406
2,8188,218,212,197,380.350000,1.061575,2.173871,0.017449,2.065883,0.018296,1.610888,0.018395,7.249936,0.016074,0.072340,332928.000000,18.799206,5.204656,-0.000081
2,8188,218,212,198,385.350000,1.059016,2.377785,0.016616,2.277433,0.017521,1.783498,0.017777,7.910882,0.015673,0.069519,383691.000000,18.839017,5.198661,0.013480
2,8188,218,212,199,390.350000,1.051934,2.568975,0.015886,2.464921,0.016783,1.927937,0.017106,8.489813,0.015175,0.066825,420861.000000,18.864272,5.181679,0.041410
2,8188,218,212,200,395.350000,1.051083,2.785895,0.015173,2.691119,0.016853,2.113284,0.018058,9.199231,0.015542,0.067655,416964.000000,19.580539,5.135101,0.020137
2,8188,218,212,201,400.350000,1.055428,2.991672,0.013200,2.918443,0.013424,2.309555,0.013222,9.919560,0.012286,0.052769,429203.000000,19.030009,5.153482,-0.024501
2,8188,218,212,202,405.350000,1.042549,3.180796,0.011746,3.082884,0.010664,2.418647,0.009181,10.417951,0.009610,0.041394,465407.000000,19.666803,5.043822,-0.018723
2,8188,218,212,203,410.350000,1.032955,3.365274,0.011123,3.247198,0.009179,2.531613,0.006882,10.920735,0.008199,0.035369,511226.000000,19.763570,5.005200,-0.055244
2,8188,218,212,204,415.350000,1.012950,3.555113,0.010680,3.380957,0.007912,2.592864,0.004725,11.313355,0.006941,0.030285,525904.000000,19.932437,4.930490,-0.042702
2,8188,219,212,196,375.350000,1.108733,2.081783,0.022014,2.044333,0.024885,1.653102,0.026828,7.251239,0.022048,0.096711,327939.000000,20.942839,5.102631,-0.098926
2,8188,219,212,197,380.350000,1.108899,2.310929,0.020452,2.298700,0.021671,1.874846,0.022039,8.050604,0.019210,0.082488,385433.000000,20.903164,5.086209,-0.086613
2,8188,219,212,198,385.350000,1.096307,2.554408,0.019152,2.542488,0.019138,2.066307,0.018358,8.797766,0.016971,0.072260,440533.000000,21.205465,5.061755,-0.114198
2,8188,219,212,199,390.350000,1.084888,2.800157,0.017447,2.785275,0.018010,2.254175,0.017956,9.543712,0.016309,0.069050,479712.000000,21.506556,5.014900,-0.123444
2,8188,219,212,200,395.350000,1.083119,3.042941,0.015715,3.044107,0.016249,2.471069,0.016275,10.354270,0.014887,0.062381,478637.000000,22.514886,5.014900,-0.052771
2,8188,219,212,201,400.350000,1.076304,3.278370,0.013952,3.279923,0.015043,2.656341,0.015739,11.085187,0.013974,0.058315,529631.000000,22.190970,4.961926,-0.036318
2,8188,219,212,202,405.350000,1.082449,3.500342,0.012070,3.537493,0.014913,2.889140,0.017507,11.903308,0.014200,0.058506,608808.000000,23.111897,4.884489,-0.004883
2,8188,219,212,203,410.350000,1.098813,3.700878,0.011319,3.807463,0.014073,3.162145,0.016570,12.775510,0.013452,0.054349,714665.000000,23.352924,4.881365,0.013507
2,8188,219,212,204,415.350000,1.106338,3.919228,0.011456,4.073321,0.012998,3.413097,0.014270,13.621915,0.012318,0.049163,826971.000000,23.793208,4.786342,0.005519
2,8188,219,212,205,420.350000,1.108639,4.149853,0.011278,4.336926,0.012401,3.649196,0.013265,14.453491,0.011743,0.046509,931764.000000,24.494216,4.913945,-0.000737
2,8188,219,212,206,425.350000,1.111453,4.387257,0.011873,4.611126,0.011313,3.897170,0.010469,15.319129,0.010569,0.041546,996597.000000,25.684406,4.739035,-0.006093
2,8188,219,212,207,430.350000,1.095346,4.670730,0.012138,4.858589,0.010187,4.057210,0.007889,16.072590,0.009376,0.037142,1088794.000000,25.030434,4.802985,-0.024947
2,8188,220,213,196,375.350000,1.054910,2.070047,0.012747,1.944897,0.007995,1.501922,0.002583,6.860337,0.005695,0.026012,282514.000000,22.972510,5.088335,-0.014970
2,8188,220,213,197,380.350000,1.019942,2.201979,0.012908,2.022645,0.009339,1.521320,0.005023,7.055677,0.007274,0.033734,295750.000000,23.126326,5.083236,-0.036609
2,8188,220,213,198,385.350000,0.996935,2.354288,0.014164,2.133783,0.011808,1.578335,0.008790,7.373541,0.009970,0.046577,307801.000000,23.616070,5.013131,-0.022556
2,8188,220,213,199,390.350000,0.978089,2.535447,0.014288,2.274592,0.013897,1.660063,0.012954,7.790814,0.012410,0.058243,329770.000000,24.139955,4.943416,-0.016259
2,8188,220,213,200,395.350000,0.977286,2.716540,0.014876,2.449873,0.016273,1.793381,0.017214,8.340415,0.015038,0.069935,335261.000000,25.326374,4.893324,0.003582
2,8188,220,213,201,400.350000,0.979436,2.939564,0.015061,2.673249,0.015898,1.968774,0.016286,9.045009,0.014720,0.067629,375946.000000,25.211295,4.804692,-0.005806
2,8188,220,213,202,405.350000,0.974487,3.159254,0.014829,2.874861,0.015971,2.114010,0.016717,9.671870,0.014915,0.068237,412303.000000,26.358622,4.754767,-0.003242
2,8188,220,213,203,410.350000,0.979529,3.408054,0.015223,3.132383,0.015058,2.322166,0.014489,10.487544,0.014000,0.063229,501613.000000,26.809518,4.671936,-0.039760
2,8188,220,213,204,415.350000,0.964104,3.678047,0.014681,3.346550,0.012799,2.450461,0.010471,11.140155,0.011716,0.053264,535723.000000,27.428843,4.546809,-0.037326
2,8188,221,213,196,375.350000,1.024499,2.011170,0.019195,1.835196,0.017385,1.376397,0.014636,6.473068,0.014572,0.068533,269671.000000,24.946593,5.010261,-0.016972
2,8188,221,213,197,380.350000,1.002894,2.204190,0.018671,1.994723,0.017178,1.477122,0.014831,6.944708,0.014727,0.069238,289994.000000,25.271531,5.010656,-0.013968
2,8188,221,213,198,385.350000,0.984837,2.422723,0.018029,2.177844,0.017168,1.595465,0.015580,7.495801,0.015156,0.071204,307886.000000,25.936480,4.916580,-0.042658
2,8188,221,213,199,390.350000,0.973947,2.640989,0.017520,2.368617,0.016991,1.725689,0.015837,8.080750,0.015296,0.071625,320605.000000,26.665585,4.811438,-0.059430
2,8188,221,213,200,395.350000,0.963264,2.885429,0.016774,2.580305,0.017647,1.868771,0.018019,8.731834,0.016294,0.076132,348458.000000,28.103032,4.730213,-0.044832
2,8188,221,213,201,400.350000,0.968021,3.124986,0.015332,2.823958,0.017256,2.062417,0.018779,9.503487,0.016239,0.074830,364490.000000,28.209738,4.720060,-0.045942
2,8188,227,218,205,420.350000,0.977531,1.953071,0.013449,1.704120,0.021915,1.221234,0.030444,5.997886,0.021137,0.103810,276563.000000,21.172228,5.000159,-0.044042
2,8188,227,218,206,425.350000,1.012741,2.084401,0.013569,1.890853,0.019576,1.407132,0.025164,6.631770,0.018593,0.087629,299888.000000,22.184984,4.898922,-0.046809
2,8188,227,218,207,430.350000,1.029416,2.235908,0.014241,2.074267,0.017290,1.575323,0.019831,7.230940,0.015932,0.073130,357340.000000,21.308618,4.952135,-0.020664
2,8188,227,218,208,435.350000,1.031145,2.402825,0.015276,2.249484,0.017336,1.719527,0.018871,7.783802,0.015840,0.071704,379065.000000,21.532060,4.910802,-0.023247
2,8188,227,218,209,440.350000,1.035031,2.602963,0.016438,2.464248,0.016168,1.899817,0.015300,8.463918,0.014497,0.064584,403894.000000,22.471818,4.854850,-0.034826
2,8188,227,218,210,445.350000,1.013251,2.830713,0.017625,2.647896,0.015336,2.010202,0.012375,9.010788,0.013530,0.060650,422697.000000,22.765475,4.820219,-0.034538
2,8188,227,218,211,450.350000,0.993664,3.101882,0.017484,2.870337,0.015499,2.148583,0.012881,9.683105,0.013886,0.062582,472605.000000,23.150959,4.815783,-0.020090
2,8188,228,220,205,420.350000,0.976036,2.151314,0.012012,1.895320,0.011370,1.366202,0.010202,6.596590,0.009871,0.047663,311169.000000,27.466413,4.703964,0.005693
2,8188,228,220,206,425.350000,0.966181,2.280523,0.012327,2.003066,0.010158,1.435893,0.007464,6.922178,0.008580,0.041361,343694.000000,28.891345,4.547508,-0.045997
2,8188,228,220,207,430.350000,0.940953,2.432433,0.013414,2.098799,0.009759,1.473371,0.005493,7.190495,0.008064,0.039356,325636.000000,28.518636,4.650487,-0.008898
2,8188,228,220,208,435.350000,0.916053,2.606805,0.013320,2.207889,0.010045,1.516819,0.006204,7.502037,0.008561,0.042340,335987.000000,29.351346,4.600816,-0.008517
2,8188,228,220,209,440.350000,0.896951,2.779671,0.014166,2.320577,0.012297,1.567470,0.009914,7.832709,0.010998,0.054957,331285.000000,31.101192,4.509535,-0.010448
2,8188,228,220,210,445.350000,0.887219,3.000586,0.015434,2.493251,0.016653,1.672222,0.017485,8.363474,0.015596,0.078001,370675.000000,32.208157,4.433639,-0.019817
2,8188,228,220,211,450.350000,0.896893,3.242768,0.015128,2.735787,0.020140,1.859859,0.024979,9.137059,0.019443,0.095521,410049.000000,33.412924,4.403183,-0.045623
2,8188,228,220,212,455.350000,0.924525,3.491165,0.015060,3.044240,0.023916,2.136795,0.032828,10.140026,0.023504,0.111537,452137.000000,34.626594,4.321350,-0.035014
2,8188,228,220,213,460.350000,0.973070,3.768536,0.014720,3.463851,0.024228,2.561322,0.033149,11.520379,0.023964,0.107784,526373.000000,35.977363,4.266610,-0.063817
2,8188,232,219,208,435.350000,1.174411,2.593924,0.020518,2.750346,0.018136,2.385817,0.014850,9.570340,0.015499,0.062173,568460.000000,24.338315,4.788553,-0.091289
2,8188,232,219,209,440.350000,1.147683,2.860034,0.019262,2.999744,0.017323,2.562965,0.014582,10.312002,0.015108,0.060788,664785.000000,25.544770,4.685316,-0.087373
2,8188,232,219,210,445.350000,1.126376,3.144826,0.018465,3.269986,0.017042,2.759543,0.014942,11.128326,0.015227,0.061406,685287.000000,26.082927,4.713454,-0.034391
2,8188,232,219,211,450.350000,1.110754,3.440719,0.017731,3.557022,0.016236,2.975296,0.014162,12.006515,0.014694,0.059298,726972.000000,26.792127,4.693062,-0.027473
2,8188,232,219,212,455.350000,1.092928,3.754909,0.016815,3.847507,0.016397,3.180899,0.015487,12.892616,0.015148,0.061395,786201.000000,27.514683,4.616863,-0.031410
2,8188,232,219,213,460.350000,1.091182,4.072122,0.015580,4.187903,0.016256,3.467927,0.016553,13.959430,0.015284,0.061525,785986.000000,28.257326,4.559373,-0.019691
2,8188,233,219,208,435.350000,1.158154,2.605860,0.020670,2.730137,0.018881,2.338504,0.016203,9.481287,0.016338,0.066242,601404.000000,26.807379,4.697899,0.061239
2,8188,233,219,209,440.350000,1.135421,2.875172,0.018248,2.987870,0.016509,2.527957,0.014034,10.255824,0.014464,0.058678,638855.000000,28.280835,4.595487,0.077622
2,8188,233,219,210,445.350000,1.114875,3.130535,0.016161,3.223416,0.015056,2.693268,0.013357,10.964643,0.013482,0.054886,709364.000000,29.109901,4.524966,0.059237
2,8188,233,219,211,450.350000,1.104688,3.381100,0.015643,3.473174,0.015302,2.887683,0.014467,11.734038,0.013997,0.056878,741601.000000,30.050197,4.495377,0.050436
2,8188,233,219,212,455.350000,1.096610,3.659430,0.015083,3.754898,0.014541,3.111028,0.013558,12.607112,0.013390,0.054263,757449.000000,31.064990,4.441845,0.033815
2,8188,233,219,213,460.350000,1.086284,3.933052,0.015063,4.019177,0.015236,3.309490,0.015014,13.422173,0.014225,0.057692,762179.000000,32.174928,4.404271,-0.084421
2,8188,233,219,214,465.350000,1.086748,4.251876,0.014997,4.367270,0.015941,3.607911,0.016543,14.516418,0.015076,0.060658,835617.000000,33.509357,4.407210,0.009830
2,8188,234,227,212,455.350000,1.040331,1.810665,0.027511,1.651429,0.032440,1.244344,0.036226,5.917787,0.028698,0.136478,282392.000000,22.754871,4.789076,0.069376
2,8188,234,227,213,460.350000,1.045756,2.059731,0.024333,1.919287,0.027988,1.469731,0.030676,6.766918,0.025114,0.115630,323273.000000,23.073875,4.768474,0.036470
2,8188,234,227,214,465.350000,1.048788,2.311852,0.022896,2.188590,0.027096,1.695200,0.030544,7.617239,0.024803,0.111451,374403.000000,23.482494,4.760094,0.023357
2,8188,234,227,215,470.350000,1.064239,2.589046,0.022606,2.512305,0.026960,1.987513,0.030604,8.656233,0.025012,0.108936,401648.000000,24.042566,4.668250,-0.029935
2,8188,234,227,216,475.350000,1.074796,2.897128,0.022181,2.865917,0.028099,2.303463,0.033558,9.782360,0.026519,0.112621,476222.000000,24.558499,4.651693,-0.028341
2,8188,234,227,217,480.350000,1.108140,3.231648,0.020703,3.317593,0.027229,2.760510,0.033113,11.250414,0.026098,0.106361,561067.000000,25.228867,4.671700,-0.036083
2,8188,235,227,212,455.350000,1.041733,1.670090,0.025980,1.506901,0.029526,1.127488,0.031827,5.465706,0.025448,0.123363,240388.000000,24.452614,4.714707,0.004893
2,8188,235,227,213,460.350000,1.039277,1.887039,0.024015,1.729366,0.027993,1.306912,0.030998,6.161157,0.024849,0.117145,275657.000000,24.953381,4.702009,-0.065149
2,8188,235,227,214,465.350000,1.048916,2.123255,0.022612,1.991006,0.026605,1.532607,0.029747,6.996692,0.024108,0.110060,321802.000000,25.663775,4.655394,0.007209
2,8188,235,227,215,470.350000,1.055314,2.367143,0.021963,2.259080,0.026214,1.762823,0.029758,7.847950,0.024096,0.107272,370865.000000,26.471108,4.571725,0.046930
2,8188,235,227,216,475.350000,1.070334,2.643143,0.020090,2.583194,0.024648,2.057187,0.028625,8.887706,0.023015,0.099430,422969.000000,27.317040,4.582121,0.016211
2,8188,235,227,217,480.350000,1.086612,2.898158,0.017598,2.895788,0.021590,2.351691,0.025046,9.893421,0.020331,0.085531,465005.000000,28.273383,4.539408,-0.023838
2,8188,236,226,214,465.350000,1.051823,1.948191,0.020466,1.811731,0.026705,1.388157,0.032354,6.437599,0.024458,0.113424,289621.000000,19.175131,4.969267,0.073934
2,8188,236,226,215,470.350000,1.070867,2.147551,0.019482,2.053646,0.024038,1.612719,0.027885,7.224853,0.022024,0.098664,327771.000000,19.195389,4.869293,0.000529
2,8188,236,226,216,475.350000,1.079893,2.366566,0.018537,2.305377,0.021926,1.837862,0.024672,8.028777,0.020083,0.087734,352914.000000,19.147705,4.939950,-0.045665
2,8188,236,226,217,480.350000,1.087677,2.586242,0.018293,2.559113,0.020401,2.066154,0.021863,8.837288,0.018638,0.079716,382633.000000,19.192022,4.935690,-0.052786
2,8188,236,226,218,485.350000,1.084602,2.839670,0.019164,2.827464,0.020463,2.289582,0.021120,9.675832,0.018710,0.079068,414847.000000,19.277133,4.928947,-0.048679
2,8188,236,226,219,490.350000,1.082669,3.130450,0.019262,3.137690,0.020264,2.549717,0.020669,10.647613,0.018676,0.077993,450681.000000,19.379188,4.927709,-0.052280
2,8188,236,226,220,495.350000,1.078495,3.442667,0.021003,3.463286,0.022053,2.816591,0.022512,11.664422,0.020501,0.084900,508984.000000,19.330245,4.937560,-0.050201
2,8188,236,226,221,500.350000,1.077046,3.853510,0.021323,3.901465,0.022462,3.183780,0.023066,13.038895,0.021083,0.086342,592905.000000,19.494245,4.935416,-0.055035
2,8188,237,226,214,465.350000,1.115504,2.204382,0.025886,2.191956,0.022856,1.790965,0.018582,7.725163,0.019086,0.082327,346650.000000,21.137214,4.868537,-0.045772
2,8188,237,226,215,470.350000,1.081926,2.489691,0.024232,2.442457,0.024069,1.957361,0.022876,8.462390,0.021187,0.091599,377160.000000,21.420640,4.773473,-0.027845
2,8188,237,226,216,475.350000,1.079075,2.807686,0.024098,2.779819,0.025949,2.238737,0.026997,9.518090,0.023748,0.100964,403363.000000,21.665094,4.837823,-0.054234
2,8188,237,226,217,480.350000,1.077962,3.166296,0.023720,3.163779,0.028596,2.561743,0.032980,10.722718,0.026927,0.112708,453197.000000,22.024432,4.826720,-0.036820
2,8188,237,226,218,485.350000,1.109600,3.558720,0.022054,3.684534,0.028267,3.083593,0.033847,12.405378,0.027128,0.109136,531395.000000,22.404365,4.791291,-0.036247
2,8188,248,237,219,490.350000,1.155420,1.955734,0.030057,1.973201,0.029075,1.646772,0.026479,7.099036,0.024090,0.103851,308228.000000,21.958250,4.820401,-0.006161
2,8188,248,237,220,495.350000,1.125455,2.249649,0.026292,2.260053,0.024336,1.864794,0.021123,7.954130,0.020493,0.087412,345020.000000,22.213640,4.832373,-0.053262
2,8188,248,237,221,500.350000,1.090822,2.547213,0.025390,2.523202,0.023046,2.040664,0.019584,8.729088,0.019908,0.085156,395111.000000,22.686236,4.816029,-0.057913
2,8188,248,237,222,505.350000,1.065132,2.896376,0.024861,2.841557,0.022927,2.264428,0.020068,9.691888,0.020410,0.087355,403314.000000,23.413981,4.741037,-0.065526
2,8188,248,237,223,510.350000,1.043128,3.267289,0.024623,3.174690,0.024061,2.495088,0.022715,10.707184,0.022033,0.094551,447706.000000,24.199172,4.688204,-0.060338
2,8188,248,237,224,515.350000,1.036498,3.700882,0.023432,3.605404,0.023893,2.831189,0.023743,12.051013,0.022302,0.094930,507917.000000,25.167736,4.637243,-0.035333
2,8188,250,236,222,505.350000,1.125907,2.161355,0.030408,2.161442,0.029210,1.778236,0.026543,7.645020,0.024886,0.106990,319454.000000,18.644421,4.944141,-0.043465
2,8188,250,236,223,510.350000,1.098925,2.489962,0.026918,2.477122,0.026776,2.014235,0.025509,8.596286,0.023567,0.100580,360735.000000,18.788542,4.916067,-0.054138
2,8188,250,236,224,515.350000,1.087141,2.831604,0.025786,2.824719,0.026338,2.292038,0.025980,9.670928,0.023846,0.100614,397059.000000,18.987029,4.897487,-0.036754
2,8188,250,236,225,520.350000,1.077705,3.220121,0.024314,3.221093,0.025575,2.609700,0.026108,10.902401,0.023622,0.098683,435326.000000,19.088185,4.917833,-0.041684
2,8188,250,236,226,525.350000,1.078454,3.614533,0.021824,3.648511,0.023430,2.973380,0.024462,12.246263,0.021947,0.090393,481322.000000,19.258008,4.882699,-0.044796
2,8188,251,236,222,505.350000,1.082590,2.264609,0.027659,2.200129,0.034407,1.752373,0.040341,7.702062,0.031592,0.138855,334226.000000,20.779269,4.843735,-0.052885
2,8188,251,236,223,510.350000,1.101293,2.577797,0.025442,2.578630,0.029760,2.105839,0.033204,8.918695,0.027419,0.116126,387110.000000,21.263918,4.803356,-0.066680
2,8188,251,236,224,515.350000,1.106006,2.920461,0.024489,2.967536,0.027432,2.451603,0.029608,10.147493,0.025340,0.104885,435480.000000,21.816325,4.778147,-0.029551
2,8188,251,236,225,520.350000,1.110666,3.292979,0.023555,3.392673,0.025451,2.831717,0.026651,11.490065,0.023631,0.095887,481651.000000,22.300997,4.776743,-0.020625
2,8188,251,236,226,525.350000,1.107740,3.696115,0.021924,3.830999,0.022581,3.206277,0.022634,12.862729,0.021017,0.084316,530192.000000,22.894454,4.732272,-0.035159
2,8188,251,236,227,530.350000,1.101038,4.103326,0.019848,4.257759,0.020046,3.557442,0.019743,14.193457,0.018751,0.074814,578133.000000,23.549970,4.705897,-0.047435
2,8188,252,248,225,520.350000,1.110604,2.210200,0.028548,2.189958,0.027925,1.782485,0.025974,7.711532,0.024078,0.104169,293315.000000,25.146012,4.645990,-0.033848
2,8188,252,248,226,525.350000,1.088885,2.525680,0.027542,2.495729,0.028023,2.013976,0.027407,8.639934,0.024917,0.106894,337673.000000,26.019825,4.594184,-0.044789
2,8188,252,248,227,530.350000,1.080565,2.905812,0.027597,2.889344,0.028857,2.334455,0.029195,9.864341,0.026351,0.111345,342585.000000,27.060625,4.540284,-0.034595
2,8188,252,248,228,535.350000,1.075114,3.327611,0.026863,3.329510,0.027376,2.695531,0.027087,11.239243,0.025268,0.105357,416018.000000,28.270129,4.460991,-0.040319
2,8188,252,248,229,540.350000,1.064261,3.799719,0.026639,3.800825,0.028136,3.064583,0.028968,12.704268,0.026389,0.109396,466153.000000,29.526573,4.452697,-0.049618
2,8188,252,248,230,545.350000,1.070252,4.339826,0.025339,4.398895,0.027320,3.583279,0.028748,14.591782,0.025944,0.105650,509275.000000,30.973166,4.346209,-0.039757
2,8188,252,248,231,550.350000,1.071344,4.899392,0.022842,5.002620,0.024136,4.094695,0.024979,16.490016,0.023023,0.092717,579215.000000,32.448870,4.330765,-0.047041
