fov,line,cellID,parentID,frame,tTrans,w,L,growthRateL2_0,area,growthRatearea2_0,V,growthRateV2_0,SA,growthRateSA2_0,beta2SA_V_2_0,Itot,xCM,yCM,orientation
22,5,34,25,29,-337.250000,0.950865,1.894736,0.017225,1.607607,0.020688,1.120402,0.023540,5.660011,0.018767,0.094794,537909.000000,34.097738,42.237531,0.027993
22,5,34,25,30,-332.250000,0.957615,2.057919,0.016591,1.773898,0.020991,1.252274,0.024912,6.191115,0.019444,0.095959,589957.000000,33.787156,42.234828,-0.129706
22,5,34,25,31,-327.266667,0.977001,2.235604,0.016269,1.979342,0.021930,1.431854,0.027188,6.861824,0.020698,0.099178,680704.000000,33.340648,42.312133,-0.174466
22,5,34,25,32,-322.250000,1.000471,2.421633,0.016597,2.207970,0.022176,1.641569,0.027327,7.611368,0.020987,0.097297,794810.000000,33.193400,42.284994,-0.178632
22,5,34,25,33,-317.266667,1.020904,2.637517,0.015387,2.468985,0.021044,1.880450,0.026385,8.459219,0.020072,0.090283,903988.000000,32.739611,42.281851,-0.169029
22,5,34,25,34,-312.250000,1.048018,2.827470,0.013692,2.727533,0.018545,2.137724,0.023052,9.309292,0.017717,0.077275,1072579.000000,32.168538,42.222961,-0.148389
22,5,34,25,35,-307.250000,1.063873,3.025303,0.013663,2.975647,0.017577,2.374057,0.021173,10.111337,0.016708,0.071154,1190299.000000,31.605429,42.281896,-0.139806
22,5,34,25,36,-302.250000,1.080284,3.240818,0.013133,3.250562,0.016387,2.640388,0.019317,10.998733,0.015568,0.064840,1313686.000000,31.166957,42.293165,-0.134958
22,5,34,25,37,-297.250000,1.090596,3.450924,0.013340,3.508316,0.016104,2.884093,0.018553,11.823581,0.015272,0.062600,1418386.000000,30.336972,42.292602,-0.098622
22,5,34,25,38,-292.250000,1.101205,3.701183,0.013523,3.815525,0.016103,3.175463,0.018351,12.804386,0.015320,0.061766,1619695.000000,29.630209,42.300516,-0.076444
22,5,35,25,29,-337.250000,0.826751,2.157072,0.014294,1.636677,0.028640,1.010045,0.043910,5.602594,0.028545,0.158324,551040.000000,32.187590,42.328475,-0.073533
22,5,35,25,30,-332.250000,0.881732,2.311238,0.015073,1.871050,0.025497,1.231799,0.035570,6.402230,0.025037,0.129902,613898.000000,31.761704,42.245818,-0.163518
22,5,35,25,31,-327.266667,0.915318,2.504856,0.015674,2.112944,0.023247,1.447461,0.030530,7.202851,0.022496,0.111937,736419.000000,31.177740,42.270609,-0.191439
22,5,35,25,32,-322.250000,0.944462,2.703839,0.016720,2.362248,0.022617,1.673704,0.028112,8.022605,0.021666,0.103842,844158.000000,30.833363,42.258584,-0.167663
22,5,35,25,33,-317.266667,0.962486,2.956931,0.017430,2.647203,0.020257,1.917968,0.022595,8.940991,0.019095,0.089007,911835.000000,30.181190,42.262053,-0.141289
22,5,35,25,34,-312.250000,0.962070,3.219220,0.016883,2.898483,0.017366,2.107078,0.017384,9.729870,0.016167,0.074772,1001412.000000,29.412378,42.204662,-0.114446
22,5,35,25,35,-307.250000,0.956074,3.501342,0.017026,3.151380,0.016676,2.284873,0.015877,10.516616,0.015526,0.071456,1096722.000000,28.583449,42.244846,-0.107674
22,5,35,25,36,-302.250000,0.947975,3.815346,0.016460,3.423999,0.015924,2.469855,0.014979,11.362675,0.014892,0.068505,1184569.000000,27.899374,42.227863,-0.088677
22,5,36,24,30,-332.250000,0.803730,1.848904,0.020802,1.347391,0.032163,0.802122,0.043638,4.668468,0.030911,0.179262,409180.000000,37.576333,42.296239,0.090068
22,5,36,24,31,-327.266667,0.840414,2.040569,0.018564,1.563350,0.025923,0.976552,0.032726,5.387588,0.024752,0.136524,467803.000000,37.553727,42.313949,0.081508
22,5,36,24,32,-322.250000,0.857607,2.227709,0.017775,1.752661,0.022725,1.121708,0.027206,6.002009,0.021456,0.114779,560836.000000,37.524361,42.448926,-0.038328
22,5,36,24,33,-317.266667,0.872071,2.436545,0.016680,1.961634,0.019675,1.281722,0.022177,6.675382,0.018452,0.096080,628389.000000,37.421652,42.456175,-0.045034
22,5,36,24,34,-312.250000,0.874132,2.634135,0.015770,2.138604,0.016915,1.405955,0.017599,7.233776,0.015707,0.080929,694478.000000,37.318753,42.393565,-0.042013
22,5,36,24,35,-307.250000,0.871864,2.852634,0.016161,2.323979,0.016538,1.529566,0.016457,7.813479,0.015350,0.078393,759657.000000,37.214305,42.454347,-0.045503
22,5,36,24,36,-302.250000,0.867273,3.095161,0.015991,2.522933,0.016630,1.657676,0.016860,8.433130,0.015574,0.079213,799360.000000,37.186720,42.426651,-0.040289
22,5,36,24,37,-297.250000,0.867842,3.347588,0.015081,2.743549,0.016083,1.809056,0.016736,9.126880,0.015202,0.076679,893701.000000,37.015828,42.471352,-0.035681
22,5,37,24,30,-332.250000,0.790708,2.019276,0.017930,1.462484,0.032025,0.862132,0.046821,5.016046,0.031491,0.182564,438336.000000,35.739419,42.336189,-0.084336
22,5,37,24,31,-327.266667,0.839759,2.199699,0.016896,1.695881,0.027468,1.063288,0.037706,5.803205,0.026854,0.146530,534062.000000,35.433976,42.379051,-0.089609
22,5,37,24,32,-322.250000,0.875268,2.390939,0.017445,1.928307,0.025426,1.263055,0.033039,6.574450,0.024544,0.127724,620509.000000,35.355541,42.323920,-0.214815
22,5,37,24,33,-317.266667,0.902188,2.616802,0.016617,2.186173,0.021949,1.480594,0.026856,7.416818,0.020987,0.105106,708099.000000,35.099807,42.315535,-0.186112
22,5,37,24,34,-312.250000,0.915921,2.825770,0.016235,2.408151,0.020044,1.660682,0.023470,8.131017,0.019039,0.093350,811975.000000,34.783708,42.271885,-0.160983
22,5,37,24,35,-307.250000,0.927868,3.076324,0.016976,2.669663,0.020151,1.871013,0.022925,8.967433,0.019128,0.091657,899669.000000,34.427478,42.294343,-0.137006
22,5,37,24,36,-302.250000,0.936137,3.348000,0.016039,2.946120,0.019570,2.089603,0.022795,9.846337,0.018710,0.088140,1012131.000000,34.189548,42.333330,-0.122299
22,5,37,24,37,-297.250000,0.952259,3.613319,0.014686,3.246216,0.018489,2.347331,0.021959,10.809644,0.017823,0.082057,1139146.000000,33.679410,42.345822,-0.101856
22,5,43,36,38,-292.250000,0.880870,1.839470,0.020319,1.453818,0.021626,0.942063,0.022088,5.090429,0.019195,0.103677,471571.000000,35.963781,42.531292,-0.024202
22,5,43,36,39,-287.250000,0.876374,2.026353,0.017553,1.611021,0.018758,1.046104,0.019306,5.578973,0.016888,0.090038,529903.000000,35.646692,42.362864,-0.124745
22,5,43,36,40,-282.250000,0.874757,2.195161,0.016065,1.756020,0.016533,1.144024,0.016422,6.032590,0.014937,0.078743,583967.000000,35.364297,42.371380,-0.082374
22,5,43,36,41,-277.250000,0.867034,2.378998,0.015310,1.901345,0.014963,1.233972,0.014079,6.480074,0.013511,0.070931,655843.000000,35.094658,42.476242,-0.062759
22,5,43,36,42,-272.250000,0.859159,2.559390,0.014522,2.040513,0.015016,1.317761,0.015064,6.908116,0.013822,0.072320,758977.000000,34.881520,42.305377,-0.161387
22,5,43,36,43,-267.266667,0.860387,2.750052,0.014896,2.207248,0.015206,1.432147,0.015085,7.433354,0.014087,0.073096,822363.000000,34.615964,42.267878,-0.150094
22,5,43,36,44,-262.250000,0.852881,2.969044,0.015451,2.376138,0.017174,1.533806,0.018546,7.955268,0.016184,0.083918,905876.000000,34.265794,42.268294,-0.127542
22,5,43,36,45,-257.266667,0.865101,3.208804,0.015720,2.615332,0.018680,1.716609,0.021300,8.720873,0.017850,0.090658,998309.000000,33.818428,42.213074,-0.101114
22,5,43,36,46,-252.250000,0.871680,3.473465,0.015871,2.864691,0.019836,1.899451,0.023573,9.511960,0.019104,0.095798,1043341.000000,33.444670,42.275874,-0.094133
22,5,43,36,47,-247.250000,0.892137,3.760985,0.015752,3.184512,0.020570,2.165119,0.025134,10.541033,0.019952,0.097593,1195129.000000,33.018569,42.262636,-0.095800
22,5,43,36,48,-242.200000,0.909479,4.068854,0.015733,3.523027,0.019444,2.446357,0.022882,11.625575,0.018810,0.089363,1225873.000000,32.593986,42.256422,-0.088113
22,5,43,36,49,-237.250000,0.920536,4.401120,0.015252,3.869538,0.018091,2.724885,0.020650,12.727811,0.017495,0.080872,1319361.000000,31.948065,42.168576,-0.081625
22,5,49,42,49,-237.250000,0.920092,2.519129,0.014080,2.136155,0.016108,1.471032,0.017729,7.281679,0.014977,0.073940,703372.000000,35.164389,42.212205,-0.139549
22,5,49,42,50,-232.266667,0.923936,2.695884,0.014272,2.307628,0.017305,1.600998,0.020002,7.825155,0.016322,0.079829,786520.000000,35.058027,42.209649,-0.157541
22,5,49,42,51,-227.250000,0.938184,2.903886,0.015789,2.535490,0.021044,1.791266,0.026040,8.558892,0.020179,0.096483,880714.000000,34.704909,42.145032,-0.133292
22,5,49,42,52,-222.266667,0.963923,3.154385,0.015936,2.841187,0.021591,2.067439,0.026806,9.552274,0.020868,0.096162,974764.000000,34.379505,42.160528,-0.123078
22,5,52,43,50,-232.266667,0.940031,2.375191,0.019749,2.043119,0.023699,1.430971,0.027100,7.014402,0.022042,0.108371,720952.000000,32.665527,42.138836,-0.048587
22,5,52,43,51,-227.250000,0.949871,2.610510,0.018295,2.286021,0.020666,1.625514,0.022475,7.790040,0.019209,0.092025,809347.000000,32.087061,42.037644,-0.050844
22,5,52,43,52,-222.266667,0.949619,2.852794,0.017256,2.515544,0.018320,1.796309,0.018873,8.510783,0.016974,0.080392,933211.000000,31.542954,42.098298,-0.090471
22,5,52,43,53,-217.250000,0.947365,3.102787,0.016366,2.746865,0.016251,1.964540,0.015665,9.234619,0.015019,0.070693,1030755.000000,30.935626,42.161681,-0.130622
22,5,52,43,54,-212.250000,0.937480,3.361439,0.015885,2.962674,0.017571,2.104570,0.018905,9.900042,0.016578,0.077957,1127495.000000,30.184697,42.179487,-0.111281
22,5,52,43,55,-207.250000,0.951918,3.636746,0.015662,3.267424,0.019812,2.362404,0.023693,10.875834,0.019080,0.087809,1192678.000000,29.309085,42.091441,-0.079200
22,5,52,43,56,-202.250000,0.969673,3.931016,0.015661,3.610019,0.021696,2.664295,0.027605,11.975130,0.021114,0.094867,1298574.000000,28.793493,42.221079,-0.049740
22,5,52,43,57,-197.250000,1.003368,4.252369,0.016394,4.050643,0.027931,3.097887,0.039852,13.404210,0.027636,0.119540,1548106.000000,27.866197,42.189811,-0.064185
22,5,52,43,58,-192.250000,1.078395,4.628140,0.016239,4.741394,0.029137,3.898868,0.041088,15.679569,0.029023,0.116680,1692112.000000,26.883658,42.108826,-0.028722
22,5,53,43,50,-232.266667,0.883953,2.426396,0.017501,1.977136,0.018186,1.308228,0.018292,6.738150,0.016640,0.085965,681940.000000,30.376575,42.258687,-0.095430
22,5,53,43,51,-227.250000,0.880447,2.639419,0.016446,2.157512,0.019477,1.428277,0.022139,7.300648,0.018325,0.093638,737178.000000,29.610971,42.155678,-0.100648
22,5,53,43,52,-222.266667,0.898690,2.860469,0.015628,2.397352,0.020017,1.624437,0.024058,8.076010,0.019145,0.095151,837079.000000,28.787351,42.186706,-0.047413
22,5,53,43,53,-217.250000,0.912385,3.086454,0.016894,2.637388,0.018360,1.819088,0.019372,8.846827,0.017267,0.084086,979934.000000,28.101362,42.115552,-0.142522
22,5,53,43,54,-212.250000,0.903913,3.382760,0.017382,2.882379,0.022410,1.977421,0.027359,9.606114,0.021561,0.104706,1133639.000000,27.040427,42.153720,-0.122503
22,5,53,43,55,-207.250000,0.945809,3.674428,0.017180,3.283334,0.025966,2.360083,0.034531,10.918000,0.025442,0.117657,1198858.000000,25.771077,42.101096,-0.063280
22,5,53,43,56,-202.250000,0.982033,4.014016,0.018183,3.734937,0.026529,2.792393,0.034698,12.383832,0.025944,0.115020,1291185.000000,24.938366,42.095726,0.011806
22,5,53,43,57,-197.250000,1.021271,4.404312,0.017658,4.274168,0.034016,3.329000,0.051660,14.130873,0.033936,0.144001,1627532.000000,23.663211,42.092747,0.027890
22,5,53,43,58,-192.250000,1.141201,4.791722,0.016170,5.188836,0.035255,4.512147,0.052443,17.179235,0.035489,0.135073,1890292.000000,22.329158,42.068173,-0.020858
22,5,54,49,53,-217.250000,0.913633,1.701798,0.016051,1.375685,0.019387,0.916027,0.022123,4.884605,0.017454,0.093071,478629.000000,34.783303,42.113324,0.105758
22,5,54,49,54,-212.250000,0.919564,1.838377,0.015623,1.509039,0.019376,1.017354,0.022605,5.310882,0.017737,0.092591,547137.000000,34.413843,42.131809,0.029093
22,5,54,49,55,-207.250000,0.932454,1.989009,0.015633,1.668070,0.019459,1.146004,0.022765,5.826586,0.017977,0.091401,573375.000000,34.041685,42.068302,0.029287
22,5,54,49,56,-202.250000,0.941659,2.149314,0.015831,1.833629,0.017476,1.278247,0.018529,6.358337,0.015866,0.078920,609270.000000,33.742264,42.230285,-0.176497
22,5,54,49,57,-197.250000,0.934097,2.329274,0.015768,1.988519,0.016921,1.382850,0.017528,6.835374,0.015383,0.076035,729819.000000,33.303949,42.168517,-0.191164
22,5,54,49,58,-192.250000,0.937225,2.516589,0.016666,2.170106,0.018915,1.520634,0.020663,7.409792,0.017540,0.085468,751561.000000,32.783156,42.121920,-0.165191
22,5,54,49,59,-187.250000,0.942067,2.748699,0.016203,2.399002,0.017642,1.697051,0.018597,8.135026,0.016380,0.078518,823691.000000,32.659478,42.093408,-0.144260
22,5,54,49,60,-182.250000,0.939497,2.961965,0.015515,2.593338,0.017245,1.836241,0.018572,8.742290,0.016146,0.076869,910182.000000,32.061462,42.036967,-0.133478
22,5,54,49,61,-177.250000,0.947167,3.208255,0.015736,2.846229,0.019723,2.038080,0.023431,9.546525,0.018857,0.088329,1011524.000000,31.496886,42.071029,-0.115067
22,5,54,49,62,-172.250000,0.967977,3.466803,0.014916,3.154709,0.019557,2.313783,0.023831,10.542515,0.018895,0.086092,1131032.000000,30.927703,42.091429,-0.093427
22,5,55,49,53,-217.250000,0.810549,1.820814,0.013679,1.334868,0.021431,0.800124,0.029179,4.636549,0.020651,0.119668,467644.000000,33.244409,42.242162,-0.065674
22,5,55,49,54,-212.250000,0.836994,1.945352,0.013594,1.477907,0.022640,0.916858,0.031692,5.115294,0.022105,0.123327,528482.000000,32.655816,42.283686,-0.116654
22,5,55,49,55,-207.250000,0.880359,2.085267,0.014067,1.669460,0.023970,1.090693,0.033707,5.767285,0.023505,0.124286,541910.000000,32.066708,42.170377,-0.116857
22,5,55,49,56,-202.250000,0.920065,2.238693,0.014976,1.878079,0.022879,1.284503,0.030436,6.470875,0.022123,0.111449,642402.000000,31.754878,42.212846,-0.203501
22,5,55,49,57,-197.250000,0.946681,2.420526,0.015389,2.099138,0.022883,1.481638,0.030170,7.198851,0.022076,0.107259,755288.000000,31.128777,42.177914,-0.216593
22,5,55,49,58,-192.250000,0.982545,2.611178,0.016119,2.358424,0.022837,1.731516,0.029158,8.060067,0.021937,0.102114,826119.000000,30.376316,42.116889,-0.183735
22,5,55,49,59,-187.250000,1.004526,2.841414,0.016804,2.637725,0.019938,1.986516,0.022566,8.966964,0.018744,0.084609,944016.000000,30.045708,42.069234,-0.140488
22,5,55,49,60,-182.250000,1.003871,3.088649,0.016887,2.884339,0.018387,2.179786,0.019417,9.740841,0.017135,0.076572,1056374.000000,29.189119,42.017710,-0.131143
22,5,55,49,61,-177.250000,1.006715,3.362981,0.017676,3.168070,0.018606,2.409761,0.019058,10.636060,0.017382,0.076719,1166271.000000,28.390408,42.023775,-0.127856
22,5,55,49,62,-172.250000,1.001629,3.683080,0.017382,3.473777,0.017601,2.639034,0.017376,11.589583,0.016455,0.072263,1284747.000000,27.457929,42.020054,-0.107706
22,5,56,48,57,-197.250000,0.969667,1.991824,0.016283,1.729626,0.010176,1.232218,0.003316,6.067690,0.007439,0.036633,572376.000000,37.386815,42.275549,-0.024931
22,5,56,48,58,-192.250000,0.930018,2.153988,0.014877,1.817631,0.011234,1.252649,0.006751,6.293389,0.009066,0.045551,641488.000000,37.263705,42.216363,-0.009938
22,5,56,48,59,-187.250000,0.913832,2.312276,0.014239,1.933819,0.013257,1.316780,0.011696,6.638280,0.011687,0.058920,639943.000000,37.268412,42.265637,-0.075029
22,5,56,48,60,-182.250000,0.906157,2.483243,0.013856,2.073993,0.013150,1.406663,0.011949,7.069233,0.011803,0.059315,714965.000000,37.060267,42.225026,-0.044329
22,5,56,48,61,-177.250000,0.895443,2.656355,0.013564,2.206544,0.014675,1.484864,0.015398,7.472641,0.013596,0.068421,807297.000000,36.930721,42.240135,-0.030157
22,5,56,48,62,-172.250000,0.905061,2.843561,0.014022,2.397808,0.017145,1.635308,0.019946,8.085190,0.016281,0.080493,872484.000000,36.855196,42.169872,-0.067981
22,5,56,48,63,-167.250000,0.915728,3.055066,0.014355,2.617654,0.015328,1.811039,0.015911,8.788951,0.014363,0.069704,940672.000000,36.685231,42.147432,-0.050411
22,5,56,48,64,-162.250000,0.906553,3.282125,0.014539,2.799053,0.013933,1.923464,0.012925,9.347561,0.012911,0.062743,1022392.000000,36.654690,42.161187,-0.047430
22,5,56,48,65,-157.250000,0.900773,3.532255,0.014722,3.007632,0.012718,2.059639,0.010350,9.995788,0.011709,0.056824,1098251.000000,36.426839,42.112093,-0.015356
22,5,56,48,66,-152.250000,0.880547,3.802140,0.014196,3.181568,0.010934,2.136641,0.007208,10.517933,0.009929,0.048875,1109518.000000,36.247236,42.104443,-0.014745
22,5,57,48,57,-197.250000,1.007131,2.176667,0.017814,1.974515,0.014341,1.466579,0.010055,6.886965,0.011844,0.055617,683320.000000,35.383077,42.326595,-0.047934
22,5,57,48,58,-192.250000,0.979523,2.370548,0.015653,2.116102,0.014716,1.540311,0.013094,7.294795,0.012872,0.060963,767845.000000,35.052097,42.255495,-0.021040
22,5,57,48,59,-187.250000,0.977766,2.547735,0.015071,2.285923,0.016001,1.668273,0.016421,7.825984,0.014609,0.068531,872865.000000,35.078844,42.085838,-0.200303
22,5,57,48,60,-182.250000,0.975094,2.754528,0.015232,2.481878,0.016729,1.814258,0.017772,8.438077,0.015488,0.072035,965892.000000,34.699325,42.066475,-0.169344
22,5,57,48,61,-177.250000,0.979710,2.967293,0.015073,2.701106,0.017560,1.990710,0.019664,9.132884,0.016515,0.075768,1049331.000000,34.359680,42.069439,-0.149167
22,5,57,48,62,-172.250000,0.988834,3.201786,0.016493,2.956200,0.018455,2.205707,0.019980,9.946395,0.017354,0.078257,1146225.000000,34.068779,42.074140,-0.122069
22,5,57,48,63,-167.250000,0.988888,3.495372,0.016799,3.246671,0.017894,2.431417,0.018566,10.859010,0.016808,0.075069,1243691.000000,33.696912,41.995467,-0.109323
22,5,62,54,63,-167.250000,1.014517,1.916989,0.023751,1.723939,0.028104,1.276262,0.031548,6.109823,0.025209,0.120684,619462.000000,31.076201,41.942166,-0.116458
22,5,62,54,64,-162.250000,1.021129,2.144642,0.020987,1.966189,0.023302,1.477581,0.024784,6.879947,0.020937,0.097487,706884.000000,30.539423,41.953812,-0.115593
22,5,62,54,65,-157.250000,1.015314,2.367077,0.019467,2.182102,0.020825,1.642463,0.021459,7.550275,0.018773,0.086296,842996.000000,29.688081,41.922483,-0.221043
22,5,62,54,66,-152.250000,1.013691,2.605450,0.018316,2.420602,0.019547,1.830030,0.020154,8.297323,0.017837,0.080873,956128.000000,28.992898,41.919824,-0.187899
22,5,62,54,67,-147.250000,1.010594,2.844297,0.017120,2.655256,0.016727,2.011278,0.015763,9.030283,0.015173,0.068124,1011145.000000,28.494048,41.844183,-0.155477
22,5,62,54,68,-142.250000,0.995103,3.092403,0.016832,2.864753,0.015880,2.147065,0.014378,9.667492,0.014447,0.065048,1140850.000000,27.827111,41.879542,-0.136214
22,5,62,54,69,-137.250000,0.986379,3.364819,0.016192,3.110192,0.015783,2.319975,0.014906,10.426907,0.014566,0.065468,1251227.000000,26.953606,41.944956,-0.115756
22,5,66,57,64,-162.250000,1.054787,1.918159,0.018023,1.784488,0.021988,1.368885,0.025283,6.356222,0.019774,0.091822,706851.000000,34.199049,41.963683,-0.074718
22,5,66,57,65,-157.250000,1.063258,2.091012,0.016467,1.980674,0.017980,1.541931,0.018787,6.984655,0.015939,0.072205,782075.000000,33.713542,41.864812,-0.079783
22,5,66,57,66,-152.250000,1.050884,2.262492,0.015291,2.140620,0.015030,1.658564,0.014100,7.469505,0.013091,0.058959,887735.000000,33.318023,41.901144,-0.083531
22,5,66,57,67,-147.250000,1.040034,2.436970,0.015317,2.302403,0.014677,1.775791,0.013408,7.962466,0.012897,0.057831,927924.000000,32.942696,41.918236,-0.176372
22,5,66,57,68,-142.250000,1.026072,2.635768,0.015025,2.478551,0.014238,1.896666,0.012872,8.496403,0.012646,0.056655,999470.000000,32.736153,41.941498,-0.161166
22,5,66,57,69,-137.250000,1.015380,2.832981,0.014622,2.655300,0.015522,2.019922,0.015961,9.036960,0.014253,0.063665,1069423.000000,32.407528,42.013361,-0.125080
22,5,66,57,70,-132.266667,1.021147,3.049317,0.015410,2.890028,0.017296,2.218530,0.018750,9.782298,0.016164,0.071278,1169833.000000,31.944209,42.068900,-0.128129
22,5,66,57,71,-127.250000,1.023312,3.302879,0.016195,3.155152,0.018675,2.435892,0.020770,10.618192,0.017612,0.076905,1272628.000000,31.429675,42.162236,-0.105672
22,5,66,57,72,-122.250000,1.034857,3.585097,0.016556,3.480241,0.019148,2.725306,0.021347,11.655510,0.018166,0.077695,1368454.000000,30.848464,42.160750,-0.094620
22,5,66,57,73,-117.250000,1.040401,3.896410,0.015979,3.821538,0.017862,3.017674,0.019377,12.735484,0.016960,0.071581,1491520.000000,30.156287,42.164336,-0.077223
22,5,67,57,64,-162.250000,1.006980,1.906941,0.016630,1.702643,0.016788,1.251369,0.016152,6.032646,0.014427,0.069556,626223.000000,32.434637,42.118383,-0.105664
22,5,67,57,65,-157.250000,0.996736,2.065506,0.015702,1.845561,0.015842,1.352427,0.015289,6.467798,0.013807,0.066036,689722.000000,31.765932,42.007215,-0.092661
22,5,67,57,66,-152.250000,0.988000,2.231272,0.015419,1.995015,0.015145,1.458145,0.014231,6.925634,0.013312,0.063235,755275.000000,31.229342,42.018701,-0.092021
22,5,67,57,67,-147.250000,0.976217,2.409536,0.015092,2.147715,0.015773,1.559939,0.015905,7.389750,0.014232,0.067426,839501.000000,30.827359,41.887201,-0.238111
22,5,67,57,68,-142.250000,0.978554,2.594914,0.015198,2.333767,0.017105,1.706247,0.018542,7.977328,0.015819,0.073969,965350.000000,30.417085,41.911355,-0.214559
22,5,67,57,69,-137.250000,0.982168,2.803922,0.016143,2.546906,0.020155,1.876314,0.023833,8.651702,0.019056,0.087729,1020706.000000,29.819658,42.009386,-0.147356
22,5,67,57,70,-132.266667,1.005369,3.046806,0.016660,2.846251,0.021360,2.152680,0.025661,9.623212,0.020380,0.091116,1147081.000000,29.141752,42.058357,-0.131532
22,5,67,57,71,-127.250000,1.020134,3.311525,0.017410,3.154869,0.021400,2.428719,0.025006,10.612927,0.020374,0.089189,1259080.000000,28.345984,42.147668,-0.122417
22,5,67,57,72,-122.250000,1.035400,3.624291,0.017259,3.522528,0.020875,2.761015,0.024071,11.789117,0.019954,0.085209,1401538.000000,27.461229,42.121877,-0.096539
22,5,68,56,67,-147.250000,0.891030,1.995641,0.013360,1.607796,0.008265,1.059189,0.002578,5.586305,0.006211,0.032754,570152.000000,37.061462,41.965185,0.027361
22,5,68,56,68,-142.250000,0.861173,2.128950,0.013140,1.674241,0.010285,1.072840,0.006752,5.759778,0.008566,0.045984,562943.000000,37.056459,42.087139,-0.065544
22,5,68,56,69,-137.250000,0.850501,2.275385,0.013736,1.779985,0.013537,1.131629,0.012840,6.079665,0.012193,0.065396,605785.000000,37.059999,42.165453,-0.070825
22,5,68,56,70,-132.266667,0.847597,2.440985,0.014015,1.914796,0.017546,1.217898,0.020819,6.499862,0.016596,0.088569,676595.000000,36.958135,42.226369,-0.077747
22,5,68,56,71,-127.250000,0.870526,2.617489,0.014438,2.115963,0.019760,1.385186,0.024775,7.158406,0.019003,0.098363,723111.000000,36.885045,42.309263,-0.060463
22,5,68,56,72,-122.250000,0.887629,2.819532,0.014766,2.333617,0.019054,1.561648,0.023022,7.862461,0.018238,0.091816,828395.000000,36.867958,42.287903,-0.054126
22,5,68,56,73,-117.250000,0.901513,3.033820,0.014912,2.560615,0.019395,1.744710,0.023612,8.592341,0.018626,0.091725,986322.000000,36.666953,42.322965,-0.044058
22,5,68,56,74,-112.250000,0.920595,3.271941,0.014910,2.830259,0.018380,1.973618,0.021508,9.462894,0.017605,0.084404,1081774.000000,36.604123,42.264817,-0.044307
22,5,68,56,75,-107.250000,0.927207,3.521656,0.014675,3.080808,0.016425,2.169192,0.017846,10.258253,0.015605,0.073794,1165354.000000,36.427066,42.208088,-0.048797
22,5,68,56,76,-102.250000,0.929518,3.788731,0.014098,3.336278,0.015315,2.360732,0.016227,11.063731,0.014561,0.068236,1254679.000000,36.260095,42.172810,-0.048092
22,5,69,56,67,-147.250000,0.885615,2.210433,0.014038,1.789277,0.018705,1.179777,0.023094,6.149956,0.017688,0.092200,632294.000000,35.071946,42.041865,-0.123237
22,5,69,56,68,-142.250000,0.900715,2.365587,0.013815,1.956616,0.017386,1.316008,0.020574,6.693855,0.016392,0.083375,729113.000000,35.013876,41.953596,-0.216977
22,5,69,56,69,-137.250000,0.909203,2.537238,0.014656,2.129463,0.018443,1.450533,0.021892,7.247225,0.017443,0.087003,794568.000000,34.866806,42.040947,-0.195257
22,5,69,56,70,-132.266667,0.925319,2.736836,0.015235,2.348702,0.017412,1.633024,0.019138,7.955917,0.016329,0.079550,866900.000000,34.603388,42.105502,-0.180940
22,5,69,56,71,-127.250000,0.920859,2.954182,0.015320,2.538407,0.016659,1.763063,0.017593,8.546343,0.015566,0.075580,951199.000000,34.329397,42.188504,-0.153446
22,5,69,56,72,-122.250000,0.926789,3.190174,0.015539,2.772288,0.017557,1.943710,0.019199,9.288486,0.016595,0.079301,1064437.000000,34.042783,42.177709,-0.122025
22,5,69,56,73,-117.250000,0.930767,3.449888,0.015063,3.025126,0.015846,2.136242,0.016260,10.087784,0.014920,0.070453,1138139.000000,33.643614,42.195966,-0.110121
22,5,69,56,74,-112.250000,0.926111,3.709824,0.014013,3.251650,0.013933,2.291070,0.013516,10.793602,0.013078,0.061612,1281623.000000,33.334704,42.181574,-0.104829
22,5,74,66,74,-112.250000,1.014951,2.289190,0.017607,2.102350,0.019185,1.578372,0.020099,7.299228,0.017307,0.080035,847880.000000,30.453334,42.068061,-0.092556
22,5,74,66,75,-107.250000,1.013549,2.490724,0.016058,2.304014,0.018155,1.736992,0.019731,7.930856,0.016665,0.076090,940086.000000,29.674749,42.073078,-0.086847
22,5,74,66,76,-102.250000,1.020445,2.689140,0.016249,2.520653,0.018376,1.921102,0.019993,8.620905,0.017010,0.076330,1081689.000000,29.112353,42.055590,-0.165374
22,5,74,66,77,-97.250000,1.021703,2.927693,0.017636,2.767216,0.019225,2.121080,0.020284,9.397239,0.017812,0.078914,1182953.000000,28.334185,42.046469,-0.134570
22,5,74,66,78,-92.250000,1.022289,3.205468,0.018147,3.052640,0.019759,2.351349,0.020873,10.294732,0.018445,0.080756,1291645.000000,27.507741,42.054241,-0.120825
22,5,74,66,79,-87.250000,1.024587,3.509375,0.019894,3.370377,0.020739,2.611873,0.021054,11.296104,0.019387,0.083849,1399989.000000,26.774466,42.021354,-0.108420
22,5,74,66,80,-82.250000,1.018033,3.903624,0.020199,3.751609,0.020324,2.901254,0.019949,12.484753,0.019042,0.081940,1512140.000000,25.515203,41.955410,-0.063206
22,5,78,68,77,-97.250000,0.887595,2.133538,0.014800,1.724648,0.015147,1.137071,0.014932,5.949286,0.013595,0.071130,637327.000000,37.015464,42.114563,0.061063
22,5,78,68,78,-92.250000,0.882617,2.291414,0.014644,1.855263,0.014550,1.221962,0.013926,6.353685,0.013098,0.068104,713839.000000,36.908949,42.146500,0.023969
22,5,78,68,79,-87.250000,0.874252,2.469100,0.015865,1.994591,0.015775,1.307246,0.015148,6.781489,0.014341,0.074396,697625.000000,36.835978,42.226839,-0.071104
22,5,78,68,80,-82.250000,0.869135,2.683140,0.015942,2.169902,0.014124,1.419989,0.011810,7.326229,0.012719,0.065621,756733.000000,36.666411,42.170776,-0.059090
22,5,78,68,81,-77.250000,0.847545,2.896860,0.016050,2.301063,0.015149,1.474952,0.013734,7.713295,0.013898,0.072680,785608.000000,36.555314,42.170270,-0.049251
22,5,78,68,82,-72.250000,0.849164,3.148084,0.016779,2.518494,0.017282,1.622564,0.017368,8.398228,0.016226,0.083986,856023.000000,36.374221,42.140784,-0.047007
22,5,78,68,83,-67.250000,0.843480,3.425080,0.015839,2.736305,0.017115,1.756752,0.018060,9.076014,0.016240,0.083901,909530.000000,36.317093,42.110627,-0.042419
22,5,78,68,84,-62.250000,0.851464,3.690595,0.014389,2.986823,0.016775,1.939838,0.018876,9.872165,0.016129,0.082084,1035866.000000,36.105362,42.080162,-0.032259
22,5,79,68,77,-97.250000,0.902200,2.149474,0.015461,1.764577,0.017594,1.181875,0.019210,6.092351,0.016120,0.083094,670073.000000,35.033167,42.200896,-0.108437
22,5,79,68,78,-92.250000,0.904957,2.315643,0.014836,1.919809,0.016690,1.295397,0.018068,6.583384,0.015383,0.078177,732033.000000,34.678734,42.217428,-0.085160
22,5,79,68,79,-87.250000,0.907173,2.493028,0.015531,2.084999,0.017797,1.415926,0.019616,7.105051,0.016561,0.083104,806868.000000,34.622676,42.101698,-0.209594
22,5,79,68,80,-82.250000,0.913898,2.702828,0.015887,2.290871,0.017392,1.573149,0.018429,7.760075,0.016186,0.079840,861973.000000,34.229894,42.056338,-0.165837
22,5,79,68,81,-77.250000,0.910688,2.922416,0.015856,2.483427,0.016637,1.705846,0.016973,8.361058,0.015469,0.075822,920259.000000,33.882461,42.012505,-0.141500
22,5,79,68,82,-72.250000,0.910181,3.166198,0.016534,2.704031,0.016895,1.862675,0.016816,9.053484,0.015765,0.076624,1002519.000000,33.421489,42.009314,-0.130022
22,5,79,68,83,-67.250000,0.904174,3.445927,0.016104,2.940274,0.015083,2.019065,0.013647,9.788314,0.014004,0.067893,1072569.000000,33.060933,41.984596,-0.099209
22,5,79,68,84,-62.250000,0.891705,3.721132,0.014791,3.147513,0.013168,2.138222,0.011145,10.424279,0.012202,0.059485,1161861.000000,32.541959,41.958138,-0.084417
22,5,82,78,85,-57.250000,0.846096,2.169821,0.015135,1.682248,0.021678,1.061409,0.028069,5.767577,0.020749,0.112748,587993.000000,36.828082,42.002311,0.047702
22,5,82,78,86,-52.250000,0.868176,2.334019,0.013249,1.864588,0.015474,1.210374,0.017253,6.365933,0.014468,0.076096,665533.000000,36.731154,41.974880,0.047004
22,5,82,78,87,-47.250000,0.858814,2.479064,0.012981,1.970773,0.013042,1.270240,0.012674,6.688623,0.011902,0.062672,798928.000000,36.633288,41.940478,0.070658
22,5,82,78,88,-42.250000,0.858390,2.655835,0.013720,2.121617,0.014400,1.371367,0.014681,7.162023,0.013353,0.069737,767374.000000,36.551605,42.089872,-0.028021
22,5,82,78,89,-37.250000,0.855818,2.843445,0.013906,2.276291,0.014462,1.471574,0.014636,7.644972,0.013470,0.069979,830353.000000,36.477779,42.080664,-0.022048
22,5,82,78,90,-32.250000,0.854579,3.051251,0.015424,2.450812,0.017403,1.586750,0.019042,8.191818,0.016471,0.085036,929131.000000,36.355283,42.059744,-0.023925
22,5,82,78,91,-27.250000,0.863886,3.314059,0.016927,2.702812,0.020198,1.773723,0.023138,8.994285,0.019334,0.098040,1018262.000000,36.207017,42.040704,-0.027271
22,5,82,78,92,-22.250000,0.875100,3.612231,0.017098,2.996722,0.020171,1.997161,0.022916,9.930776,0.019359,0.096263,1143643.000000,36.058324,42.037054,-0.029507
22,5,82,78,93,-17.250000,0.883825,3.931696,0.017152,3.307295,0.017737,2.231392,0.017963,10.916815,0.016871,0.082542,1213632.000000,35.914051,42.042723,-0.007486
22,5,82,78,94,-12.250000,0.874199,4.286593,0.016558,3.583332,0.015407,2.397996,0.013895,11.772604,0.014539,0.071375,1314568.000000,35.634074,41.972393,-0.015689
22,5,83,78,85,-57.250000,0.853264,1.964417,0.016213,1.519923,0.020922,0.960648,0.025233,5.265829,0.019552,0.107174,522198.000000,34.856403,42.103178,-0.002882
22,5,83,78,86,-52.250000,0.866439,2.123666,0.015337,1.678921,0.019518,1.081850,0.023276,5.780614,0.018333,0.097960,580030.000000,34.592428,42.081615,-0.025456
22,5,83,78,87,-47.250000,0.879210,2.290128,0.015501,1.847614,0.018800,1.212456,0.021643,6.325608,0.017604,0.091844,670805.000000,34.333542,42.041125,-0.133688
22,5,83,78,88,-42.250000,0.885357,2.478647,0.015654,2.026271,0.018506,1.344267,0.020933,6.894187,0.017342,0.088942,824887.000000,34.203983,41.950403,-0.198189
22,5,83,78,89,-37.250000,0.893939,2.678125,0.016162,2.222586,0.018893,1.493858,0.021196,7.521226,0.017772,0.089476,885470.000000,33.915040,41.912538,-0.155448
22,5,83,78,90,-32.250000,0.899868,2.911488,0.016849,2.446179,0.018369,1.660898,0.019433,8.230832,0.017208,0.085276,974342.000000,33.526556,41.893656,-0.151951
22,5,83,78,91,-27.250000,0.897822,3.168688,0.017442,2.671930,0.019356,1.816618,0.020865,8.937572,0.018266,0.089869,1063635.000000,33.108783,41.878615,-0.120189
22,5,83,78,92,-22.250000,0.906313,3.464168,0.017059,2.963345,0.019668,2.039936,0.021895,9.863405,0.018773,0.090771,1161137.000000,32.701498,41.878929,-0.107584
22,5,84,79,85,-57.250000,0.970154,2.023982,0.015457,1.761592,0.016779,1.257110,0.017473,6.168754,0.014958,0.073401,660766.000000,33.018487,41.903499,-0.147871
22,5,84,79,86,-52.250000,0.967906,2.180409,0.014838,1.909384,0.014801,1.366940,0.014160,6.630117,0.013074,0.063415,731761.000000,32.573986,41.891182,-0.135845
22,5,84,79,87,-47.250000,0.953987,2.347517,0.015214,2.044194,0.014808,1.450670,0.013799,7.035601,0.013145,0.063753,842987.000000,32.196725,41.913384,-0.113398
22,5,84,79,88,-42.250000,0.947693,2.537553,0.015750,2.212082,0.016037,1.567118,0.015780,7.554968,0.014560,0.070191,928112.000000,31.977990,41.904459,-0.171509
22,5,84,79,89,-37.250000,0.942654,2.747174,0.016164,2.398941,0.016858,1.697966,0.017051,8.135580,0.015517,0.074347,1013333.000000,31.446832,41.898227,-0.150348
22,5,84,79,90,-32.250000,0.941326,2.981594,0.016384,2.616494,0.018026,1.856633,0.019233,8.817354,0.016861,0.080077,1130592.000000,30.817743,41.893667,-0.134236
22,5,84,79,91,-27.250000,0.946598,3.235669,0.016506,2.870585,0.019694,2.055059,0.022540,9.622315,0.018727,0.087683,1206471.000000,30.170695,41.868318,-0.127305
22,5,84,79,92,-22.250000,0.961471,3.515680,0.016315,3.181840,0.020082,2.319844,0.023521,10.619287,0.019248,0.088110,1316038.000000,29.470239,41.877120,-0.113842
22,5,84,79,93,-17.250000,0.974861,3.809264,0.015613,3.509557,0.019391,2.600713,0.022894,11.666319,0.018659,0.083700,1400425.000000,28.683575,41.853958,-0.084704
22,5,84,79,94,-12.250000,0.990922,4.110430,0.014654,3.862394,0.018270,2.915245,0.021578,12.796074,0.017658,0.077507,1612122.000000,27.704048,41.827955,-0.082892
22,5,90,83,93,-17.250000,0.979910,1.851545,0.016158,1.608282,0.015920,1.150022,0.014894,5.699943,0.013571,0.067257,628404.000000,33.059345,41.795695,-0.001020
22,5,90,83,94,-12.250000,0.968182,2.001132,0.014598,1.736298,0.013244,1.235666,0.011205,6.086714,0.011174,0.054947,677080.000000,32.571188,41.754816,-0.036370
22,5,90,83,95,-7.266667,0.947414,2.143190,0.013095,1.837863,0.011525,1.288249,0.009334,6.378967,0.009788,0.048461,711868.000000,32.172996,41.727555,-0.032551
22,5,90,83,96,-2.250000,0.936200,2.281776,0.013355,1.948107,0.011293,1.355906,0.008675,6.711067,0.009672,0.047946,798058.000000,31.670890,41.866872,-0.175582
22,5,90,83,97,2.750000,0.913828,2.448427,0.013952,2.058230,0.012219,1.406068,0.009902,7.029126,0.010699,0.053389,808412.000000,31.113356,41.932494,0.035693
22,5,90,83,98,7.733333,0.905579,2.622822,0.015202,2.199184,0.015105,1.494896,0.014506,7.461829,0.013771,0.068731,845581.000000,30.707801,41.771903,-0.157284
22,5,90,83,99,12.750000,0.900735,2.847145,0.016834,2.390411,0.018473,1.622914,0.019668,8.056685,0.017261,0.085823,926506.000000,29.999115,41.785875,-0.141856
22,5,90,83,100,17.750000,0.908364,3.102905,0.017250,2.641494,0.020898,1.814621,0.024196,8.854791,0.019910,0.097143,1004911.000000,29.425228,41.780336,0.132279
22,5,90,83,101,22.750000,0.924101,3.382405,0.016753,2.942424,0.021005,2.061985,0.024939,9.819631,0.020174,0.096066,1132949.000000,28.428275,41.794067,0.132646
22,5,90,83,102,27.750000,0.939938,3.669552,0.015496,3.259556,0.020667,2.328851,0.025643,10.835834,0.020023,0.093154,1261768.000000,27.575695,41.784824,0.098852
22,5,90,83,103,32.750000,0.965901,3.951022,0.013409,3.616078,0.019313,2.659183,0.025057,11.989241,0.018875,0.085093,1441675.000000,26.649914,41.569852,-0.015887
22,5,90,83,104,37.750000,0.992886,4.199357,0.011827,3.957923,0.017274,2.995155,0.022434,13.098813,0.016942,0.074080,1576394.000000,25.521287,41.688643,-0.057481
22,5,91,83,93,-17.250000,0.902846,1.919553,0.017924,1.558132,0.017343,1.036235,0.015968,5.444572,0.015067,0.079159,578211.000000,31.341931,41.963358,-0.116559
22,5,91,83,94,-12.250000,0.891011,2.091580,0.015589,1.693249,0.014578,1.118969,0.012915,5.854740,0.012722,0.066448,646619.000000,30.651627,41.908477,-0.142149
22,5,91,83,95,-7.266667,0.877369,2.245069,0.015121,1.804557,0.014180,1.180511,0.012643,6.188161,0.012556,0.065813,667724.000000,30.066059,41.885085,-0.118780
22,5,91,83,96,-2.250000,0.868323,2.431061,0.016055,1.949140,0.015088,1.268221,0.013556,6.631733,0.013555,0.070994,760337.000000,29.519912,41.810616,-0.180147
22,5,91,83,97,2.750000,0.855972,2.636030,0.016062,2.099132,0.016068,1.352719,0.015569,7.088590,0.014747,0.077144,831346.000000,28.842155,41.758884,-0.180059
22,5,91,83,98,7.733333,0.856112,2.853768,0.017708,2.285857,0.019726,1.478472,0.021308,7.675364,0.018556,0.096326,909141.000000,28.254377,41.725116,-0.160092
22,5,91,83,99,12.750000,0.862596,3.141363,0.020227,2.550047,0.023452,1.667757,0.026248,8.512856,0.022307,0.114045,1005312.000000,27.283096,41.753221,-0.153663
22,5,91,83,100,17.750000,0.873469,3.490237,0.020964,2.884884,0.025215,1.916947,0.029096,9.577503,0.024200,0.120899,1073557.000000,26.392789,41.687908,-0.129422
22,5,91,83,101,22.750000,0.890124,3.873048,0.022029,3.277459,0.027046,2.225510,0.031711,10.830617,0.026107,0.127042,1193811.000000,25.069384,41.706180,0.090905
22,5,91,83,102,27.750000,0.909108,4.343441,0.021660,3.771293,0.026189,2.622683,0.030287,12.405071,0.025384,0.120055,1351319.000000,23.879005,41.706037,0.086652
22,5,92,82,95,-7.266667,0.872307,2.214264,0.019024,1.768223,0.021828,1.149528,0.024046,6.068041,0.020158,0.106738,686036.000000,36.668549,41.880434,0.045339
22,5,92,82,96,-2.250000,0.876838,2.425586,0.018476,1.961851,0.018484,1.288196,0.017883,6.681684,0.016835,0.087443,762356.000000,36.545675,41.946669,-0.014542
22,5,92,82,97,2.750000,0.859939,2.663163,0.018079,2.131462,0.018141,1.380278,0.017635,7.194746,0.016656,0.086654,894539.000000,36.366826,41.945557,-0.050197
22,5,92,82,98,7.733333,0.862847,2.906260,0.018685,2.347884,0.020255,1.531206,0.021339,7.878035,0.019009,0.097776,882484.000000,36.297250,41.784050,0.047899
22,5,92,82,99,12.750000,0.862961,3.206209,0.018202,2.607018,0.019679,1.707025,0.020731,8.692261,0.018583,0.094763,994010.000000,36.147855,41.788600,0.040166
22,5,92,82,100,17.750000,0.865897,3.490816,0.016821,2.861783,0.020179,1.885683,0.023268,9.496052,0.019362,0.097480,1090255.000000,36.051526,41.722230,0.034214
22,5,92,82,101,22.750000,0.883661,3.793398,0.016250,3.184506,0.022418,2.145785,0.028454,10.530867,0.021848,0.107197,1208038.000000,35.833660,41.730662,0.027084
22,5,92,82,102,27.750000,0.914246,4.107259,0.015758,3.575672,0.021805,2.496242,0.027600,11.796825,0.021297,0.100621,1294846.000000,35.655130,41.738729,0.012156
22,5,92,82,103,32.750000,0.934960,4.440605,0.015380,3.964192,0.021624,2.834754,0.027767,13.043221,0.021163,0.097350,1413486.000000,35.478878,41.710029,-0.028934
22,5,92,82,104,37.750000,0.967316,4.790246,0.014598,4.432878,0.021146,3.283379,0.027327,14.557138,0.020800,0.092195,1711546.000000,35.197327,41.774122,-0.010367
22,5,93,82,95,-7.266667,0.890066,2.393957,0.021396,1.960768,0.019469,1.304933,0.016767,6.694042,0.017336,0.089202,727009.000000,34.402869,41.946438,-0.044103
22,5,93,82,96,-2.250000,0.873694,2.650919,0.019560,2.152277,0.019079,1.414695,0.017955,7.276215,0.017402,0.089628,790072.000000,34.107451,41.980260,0.008187
22,5,93,82,97,2.750000,0.869963,2.913339,0.019129,2.372080,0.019419,1.559367,0.019176,7.962361,0.018038,0.091925,956954.000000,33.655797,41.871194,0.122592
22,5,93,82,98,7.733333,0.864440,3.207275,0.020423,2.612136,0.021885,1.713220,0.022868,8.710060,0.020627,0.104837,1034444.000000,33.465893,41.949479,0.045930
22,5,93,82,99,12.750000,0.870531,3.568361,0.019243,2.943738,0.022583,1.951154,0.025580,9.758945,0.021645,0.108412,1131543.000000,33.013817,41.932682,0.067218
22,5,93,82,100,17.750000,0.884709,3.895072,0.017239,3.278033,0.021302,2.213163,0.025089,10.825940,0.020589,0.100685,1240849.000000,32.680151,41.803937,0.113678
22,5,93,82,101,22.750000,0.899999,4.239850,0.016963,3.642032,0.021300,2.506417,0.025397,11.987876,0.020664,0.098805,1357888.000000,32.023297,41.820562,0.105691
22,5,93,82,102,27.750000,0.917698,4.614269,0.014510,4.053773,0.019233,2.849719,0.023793,13.303086,0.018778,0.087633,1501774.000000,31.533524,41.798770,0.084566
22,5,93,82,103,32.750000,0.939222,4.909376,0.012022,4.421685,0.016641,3.184453,0.021023,14.485863,0.016330,0.074264,1703499.000000,30.961797,41.661098,-0.051216
22,5,100,93,104,37.750000,1.034015,2.620710,0.020385,2.480404,0.017592,1.911274,0.014010,8.513255,0.015335,0.068305,1003738.000000,31.491251,41.739860,-0.062086
22,5,100,93,105,42.750000,1.010318,2.887831,0.019768,2.698575,0.017193,2.045157,0.013885,9.166000,0.015221,0.068215,1189010.000000,30.931392,41.658984,-0.070499
22,5,100,93,106,47.750000,0.988209,3.191563,0.020218,2.944360,0.018064,2.195237,0.015244,9.908367,0.016343,0.073764,1296631.000000,30.353867,41.628777,-0.046764
22,5,100,93,107,52.750000,0.971684,3.533114,0.020582,3.230448,0.019483,2.379792,0.017804,10.785304,0.018022,0.081675,1405965.000000,29.453392,41.653013,-0.048813
22,5,100,93,108,57.750000,0.962710,3.918760,0.021154,3.573734,0.021511,2.618935,0.021377,11.852065,0.020274,0.091751,1644574.000000,29.311867,41.671513,-0.061401
22,5,100,93,109,62.750000,0.962368,4.362089,0.021429,3.999180,0.023368,2.939633,0.024907,13.188198,0.022338,0.100218,1899042.000000,28.715908,41.642072,-0.047947
22,5,100,93,110,67.750000,0.970508,4.853522,0.021687,4.508250,0.025334,3.351104,0.028669,14.798096,0.024476,0.108084,2271318.000000,28.052669,41.650453,-0.050137
22,5,100,93,111,72.750000,0.988216,5.414661,0.020727,5.141279,0.024625,3.900373,0.028165,16.810200,0.023939,0.103175,2594375.000000,27.183422,41.619388,-0.037148
22,5,101,93,104,37.750000,0.974213,2.760266,0.022939,2.485411,0.022506,1.815479,0.021304,8.448020,0.020468,0.095243,986022.000000,28.931926,41.832792,-0.007557
22,5,101,93,105,42.750000,0.963416,3.076851,0.020839,2.765100,0.021667,2.008867,0.021900,9.312582,0.020091,0.093136,1165146.000000,28.109811,41.733146,0.063082
22,5,101,93,106,47.750000,0.965658,3.401452,0.020280,3.084525,0.022154,2.255414,0.023534,10.319002,0.020875,0.095509,1395677.000000,27.180734,41.714940,0.034686
22,5,101,93,107,52.750000,0.969021,3.766651,0.019939,3.448452,0.021951,2.539653,0.023527,11.466698,0.020836,0.094075,1535162.000000,25.788926,41.637266,0.074517
22,5,101,93,108,57.750000,0.974154,4.152468,0.019671,3.841489,0.022416,2.852912,0.024798,12.708186,0.021461,0.095598,1811810.000000,25.327756,41.708716,-0.073586
22,5,101,93,109,62.750000,0.985733,4.583494,0.020479,4.309578,0.023286,3.247127,0.025724,14.194030,0.022390,0.097871,2133465.000000,24.248208,41.690421,-0.057891
22,5,101,93,110,67.750000,0.993249,5.091102,0.021103,4.845018,0.023196,3.688203,0.024931,15.886192,0.022329,0.096177,2381673.000000,23.275518,41.643088,-0.025148
22,5,101,93,111,72.750000,0.998119,5.657860,0.021737,5.433421,0.023504,4.166644,0.024934,17.741252,0.022685,0.096592,2705707.000000,21.781309,41.628179,-0.019336
22,5,101,93,112,77.750000,1.002671,6.320933,0.020980,6.122065,0.022497,4.727100,0.023712,19.910833,0.021793,0.091793,3240962.000000,19.904418,41.610814,-0.039312
22,5,102,92,105,42.750000,1.015389,2.479863,0.011302,2.296767,0.007587,1.734013,0.003390,7.910607,0.006059,0.027641,940299.000000,36.327329,41.688065,0.061016
22,5,102,92,106,47.750000,0.990192,2.620004,0.011501,2.383894,0.009228,1.763408,0.006430,8.150255,0.007877,0.036407,1080035.000000,36.207032,41.674539,0.064961
22,5,102,92,107,52.750000,0.978857,2.781185,0.011664,2.516760,0.011729,1.847406,0.011402,8.552620,0.010682,0.049455,1091954.000000,35.773917,41.773050,0.114572
22,5,102,92,108,57.750000,0.979871,2.944394,0.011370,2.679076,0.012517,1.974053,0.013344,9.063887,0.011665,0.053560,1281159.000000,36.160489,41.832511,-0.030530
22,5,102,92,109,62.750000,0.981696,3.115966,0.013173,2.852113,0.015049,2.110818,0.016596,9.609914,0.014159,0.064462,1465873.000000,36.046537,41.799095,-0.028857
22,5,102,92,110,67.750000,0.989082,3.354871,0.014714,3.108302,0.017843,2.324371,0.020668,10.424569,0.016996,0.076227,1609591.000000,35.993990,41.799333,-0.020199
22,5,102,92,111,72.750000,1.003690,3.609592,0.015390,3.406724,0.018103,2.591220,0.020462,11.381714,0.017251,0.075775,1773578.000000,35.887493,41.787567,-0.014171
22,5,102,92,112,77.750000,1.008402,3.910385,0.017148,3.725017,0.019285,2.854581,0.021058,12.388054,0.018347,0.079622,2141007.000000,35.699420,41.670080,0.034717
22,5,102,92,113,82.750000,1.015477,4.280149,0.018506,4.125097,0.020798,3.192337,0.022723,13.654595,0.019878,0.085023,2425249.000000,35.457985,41.700084,-0.001209
22,5,102,92,114,87.750000,1.022275,4.702456,0.018575,4.582936,0.021938,3.579985,0.025018,15.102279,0.021145,0.089200,2745739.000000,35.207775,41.747920,-0.018520
22,5,102,92,115,92.750000,1.040596,5.153647,0.017510,5.130485,0.021345,4.087978,0.024853,16.847936,0.020723,0.085404,3130303.000000,34.901264,41.734068,-0.002657
22,5,103,92,105,42.750000,1.000816,2.820812,0.017460,2.608163,0.022562,1.956639,0.027338,8.869079,0.021401,0.097008,1124806.000000,33.767303,41.729442,-0.090996
22,5,103,92,106,47.750000,1.018957,3.067064,0.015589,2.902393,0.019940,2.224092,0.023938,9.818131,0.019008,0.083911,1369052.000000,33.474700,41.683009,-0.080561
22,5,103,92,107,52.750000,1.035838,3.298934,0.014433,3.186902,0.018180,2.489049,0.021602,10.735331,0.017350,0.074830,1594275.000000,32.832900,41.699858,-0.071087
22,5,103,92,108,57.750000,1.049351,3.543212,0.014462,3.481768,0.017398,2.761778,0.020001,11.680674,0.016561,0.070044,1891601.000000,32.983849,41.711909,-0.063727
22,5,103,92,109,62.750000,1.058137,3.811344,0.015363,3.792644,0.016972,3.041430,0.018208,12.669803,0.016050,0.066859,2080223.000000,32.675497,41.701538,-0.067515
22,5,103,92,110,67.750000,1.057305,4.128750,0.017064,4.125447,0.016992,3.315575,0.016507,13.714149,0.015945,0.065952,2296338.000000,32.427859,41.702711,-0.047321
22,5,103,92,111,72.750000,1.047185,4.515891,0.019267,4.493641,0.019018,3.588742,0.018331,14.856504,0.017934,0.074243,2504698.000000,32.002575,41.682300,-0.032488
22,5,103,92,112,77.750000,1.042933,4.998837,0.021444,4.980027,0.021147,3.973442,0.020421,16.378540,0.020084,0.082788,2818894.000000,31.458061,41.715766,0.029211
22,5,103,92,113,82.750000,1.033685,5.587834,0.022675,5.546757,0.022676,4.400163,0.022272,18.146029,0.021691,0.089454,3209476.000000,30.674593,41.719479,0.019517
22,5,103,92,114,87.750000,1.032000,6.265855,0.021642,6.237806,0.022157,4.953440,0.022339,20.314674,0.021351,0.087561,3755513.000000,29.778030,41.729400,0.016163
22,5,106,100,112,77.750000,1.000252,3.031336,0.017691,2.817388,0.011753,2.120007,0.005296,9.525618,0.009928,0.044610,1471745.000000,27.508379,41.569115,-0.065555
22,5,106,100,113,82.750000,0.964585,3.299468,0.017042,2.982946,0.013575,2.176139,0.009457,9.998485,0.012071,0.055462,1589171.000000,26.300520,41.654197,-0.107109
22,5,106,100,114,87.750000,0.950651,3.593616,0.017100,3.222332,0.015454,2.325804,0.013337,10.732545,0.014254,0.065775,1637996.000000,24.929637,41.708018,-0.068823
22,5,106,100,115,92.750000,0.937551,3.913988,0.017037,3.480928,0.017444,2.486335,0.017465,11.528274,0.016470,0.076366,1824863.000000,23.478144,41.652365,-0.054893
22,5,106,100,116,97.750000,0.943714,4.260455,0.016264,3.829528,0.018206,2.760039,0.019833,12.631251,0.017464,0.079925,2044854.000000,22.129388,41.641113,-0.050692
22,5,110,103,115,92.750000,0.990089,3.555602,0.023476,3.309993,0.027691,2.483391,0.031445,11.059545,0.026345,0.117324,1879444.000000,30.570460,41.762671,0.082705
22,5,110,103,116,97.750000,1.002798,3.972959,0.021711,3.768272,0.025299,2.873840,0.028453,12.516346,0.024197,0.105385,2139659.000000,29.955861,41.777960,0.054204
22,5,110,103,117,102.750000,1.014991,4.418162,0.021282,4.263311,0.024749,3.301085,0.027830,14.088144,0.023772,0.101452,2656290.000000,29.142016,41.726158,-0.066952
22,5,110,103,118,107.750000,1.027854,4.913253,0.020917,4.823383,0.023807,3.792532,0.026329,15.865378,0.022922,0.095889,2983967.000000,27.892327,41.686793,-0.054348
22,5,110,103,119,112.750000,1.036009,5.445867,0.019560,5.411630,0.021740,4.299639,0.023588,17.724757,0.020981,0.086490,3332593.000000,27.151098,41.657121,-0.037056
22,5,112,102,116,97.750000,1.006400,3.138761,0.017073,2.941491,0.016139,2.229973,0.014672,9.923813,0.014734,0.065568,1823181.000000,36.005460,41.689510,0.058403
22,5,112,102,117,102.750000,0.995556,3.406695,0.016851,3.178856,0.017697,2.393558,0.018100,10.654883,0.016528,0.073576,1978793.000000,35.760236,41.692065,0.066846
22,5,112,102,118,107.750000,1.001778,3.712813,0.018080,3.504049,0.020598,2.663218,0.022722,11.684887,0.019575,0.085886,2072383.000000,35.246207,41.705689,0.074660
22,5,112,102,119,112.750000,1.010215,4.077975,0.019047,3.900623,0.022512,2.998698,0.025633,12.942204,0.021575,0.093118,2427039.000000,35.270105,41.679882,0.029015
22,5,112,102,120,117.750000,1.026437,4.489549,0.019990,4.382140,0.024478,3.431869,0.028650,14.477210,0.023628,0.099672,2659876.000000,35.026110,41.677641,0.021206
22,5,112,102,121,122.750000,1.046829,4.975452,0.019532,4.973276,0.023772,3.981941,0.027628,16.362821,0.023048,0.094708,3181407.000000,35.030505,41.718732,0.018233
22,5,113,102,116,97.750000,1.065588,2.684888,0.021193,2.617309,0.024041,2.077624,0.026218,8.988048,0.022140,0.095780,1634067.000000,33.327352,41.784367,-0.039877
22,5,113,102,117,102.750000,1.070151,2.969389,0.019851,2.931928,0.021226,2.349984,0.021969,9.983022,0.019555,0.083072,1835878.000000,32.803164,41.742624,-0.057383
22,5,113,102,118,107.750000,1.063539,3.274332,0.019100,3.239640,0.019378,2.593896,0.019079,10.940217,0.017854,0.075303,2073096.000000,31.980767,41.748567,-0.051211
22,5,113,102,119,112.750000,1.056935,3.594775,0.018472,3.559711,0.019661,2.844866,0.020373,11.936308,0.018399,0.077198,2292193.000000,31.622154,41.745782,-0.055180
22,5,113,102,120,117.750000,1.061726,3.938344,0.017753,3.939531,0.019186,3.173479,0.020196,13.136391,0.018123,0.075020,2507013.000000,31.071476,41.744275,-0.059955
22,5,113,102,121,122.750000,1.061319,4.293961,0.016918,4.315537,0.019665,3.485772,0.022118,14.317067,0.018808,0.077249,2704700.000000,30.511586,41.779683,-0.032677
22,5,113,102,122,127.750000,1.080129,4.664777,0.015899,4.788188,0.019742,3.944456,0.023257,15.829100,0.019104,0.076666,3227374.000000,29.780849,41.715934,0.013662
22,5,116,110,120,117.750000,0.958980,3.123147,0.032955,2.797678,0.038964,2.024917,0.044280,9.409178,0.036839,0.171182,1610180.000000,27.663173,41.664390,-0.096012
22,5,116,110,121,122.750000,0.974970,3.637765,0.027805,3.342718,0.031596,2.473229,0.034753,11.142323,0.030051,0.135383,1936931.000000,26.606970,41.691414,-0.044406
22,5,116,110,122,127.750000,0.982154,4.134628,0.025602,3.853830,0.028366,2.884426,0.030614,12.757505,0.027068,0.119719,2323879.000000,25.326264,41.702616,-0.038319
22,5,116,110,123,132.750000,0.989268,4.696308,0.023723,4.435885,0.026018,3.356264,0.027880,14.595543,0.024956,0.108526,2653809.000000,23.865865,41.653893,-0.003831
22,5,116,110,124,137.750000,0.994573,5.248737,0.021256,5.007974,0.023303,3.820167,0.025005,16.399909,0.022452,0.096386,2900638.000000,22.076328,41.649140,-0.000378
22,5,116,110,125,142.750000,1.001031,5.811964,0.019382,5.602911,0.021237,4.311512,0.022792,18.277646,0.020547,0.087103,3308504.000000,20.545462,41.634771,0.005015
22,5,120,112,122,127.750000,0.961348,2.854798,0.022807,2.546121,0.022091,1.839575,0.020638,8.621956,0.020152,0.094473,1564442.000000,36.129382,41.706363,0.093188
22,5,120,112,123,132.750000,0.949891,3.180348,0.021721,2.827351,0.021380,2.029401,0.020411,9.490703,0.019753,0.092398,1643061.000000,35.967404,41.706309,0.079696
22,5,120,112,124,137.750000,0.942348,3.545595,0.021987,3.150615,0.022946,2.253793,0.023374,10.496643,0.021577,0.100516,1808024.000000,35.753424,41.709612,0.045881
22,5,120,112,125,142.750000,0.944946,3.959930,0.022638,3.550296,0.025230,2.556200,0.027382,11.755584,0.024075,0.110746,2025716.000000,35.570555,41.712495,0.041691
22,5,120,112,126,147.750000,0.954984,4.442033,0.023107,4.046354,0.026897,2.953722,0.030313,13.326855,0.025907,0.116721,2252775.000000,35.297480,41.721878,0.028610
22,5,120,112,127,152.733333,0.970797,4.984631,0.023830,4.636812,0.029685,3.450074,0.035298,15.202363,0.028847,0.127143,2615808.000000,34.984492,41.708951,0.020696
22,5,120,112,128,157.750000,1.001442,5.629891,0.022847,5.422788,0.028892,4.171534,0.034475,17.712328,0.028247,0.120366,3086275.000000,34.608987,41.685107,0.016226
22,5,121,112,122,127.750000,1.045524,2.890751,0.028774,2.787764,0.028645,2.182603,0.027537,9.494990,0.026055,0.113399,1819114.000000,33.428763,41.754833,0.014962
22,5,121,112,123,132.750000,1.033097,3.306640,0.026409,3.187037,0.025681,2.483117,0.024162,10.731929,0.023591,0.102007,1968497.000000,32.892386,41.791473,-0.025307
22,5,121,112,124,137.750000,1.017067,3.763991,0.025568,3.606241,0.025254,2.782566,0.024263,12.026740,0.023539,0.101790,2173603.000000,32.190036,41.790723,-0.039353
22,5,121,112,125,142.750000,1.011290,4.269022,0.024704,4.097744,0.025303,3.158251,0.025357,13.562944,0.023934,0.102834,2427210.000000,31.631511,41.725035,0.066451
22,5,121,112,126,147.750000,1.008909,4.818604,0.023753,4.643092,0.025247,3.583399,0.026301,15.272961,0.024139,0.102761,2662044.000000,30.804902,41.723691,0.055342
22,5,121,112,127,152.733333,1.014248,5.411682,0.021992,5.268029,0.023805,4.099158,0.025248,17.243541,0.022932,0.096191,2951759.000000,29.793571,41.779461,-0.001576
22,5,122,113,123,132.750000,1.148705,2.632758,0.026721,2.741091,0.022718,2.331642,0.017605,9.501003,0.019401,0.079078,1817254.000000,29.950690,41.720589,-0.049976
22,5,122,113,124,137.750000,1.111615,2.984513,0.023091,3.052450,0.021185,2.536882,0.018353,10.422644,0.018750,0.077054,1986982.000000,28.959566,41.734322,-0.079449
22,5,122,113,125,142.750000,1.097650,3.321924,0.021160,3.387749,0.020654,2.797228,0.019470,11.455218,0.018861,0.077261,2141981.000000,28.010182,41.709674,0.110533
22,5,122,113,126,147.750000,1.086217,3.687440,0.020155,3.752157,0.020140,3.081502,0.019556,12.583205,0.018672,0.076140,2361603.000000,26.673066,41.687464,0.075753
22,5,122,113,127,152.733333,1.080961,4.063908,0.018126,4.142170,0.019471,3.398857,0.020397,13.800789,0.018377,0.074638,2594788.000000,25.138520,41.698652,-0.046373
22,5,122,113,128,157.750000,1.087827,4.424074,0.016228,4.558673,0.018212,3.774784,0.019852,15.119310,0.017384,0.069879,2857023.000000,23.405178,41.678887,-0.027447
22,5,126,121,128,157.750000,1.014772,3.157405,0.029689,2.983056,0.032938,2.280050,0.035397,10.065805,0.030800,0.135975,1686346.000000,30.241944,41.768384,0.041264
22,5,126,121,129,162.750000,1.019681,3.626108,0.025961,3.474342,0.029887,2.683580,0.033264,11.615958,0.028354,0.122732,1876384.000000,29.253759,41.778860,0.034539
22,5,126,121,130,167.750000,1.037491,4.098765,0.024566,4.021438,0.029351,3.172705,0.033672,13.359411,0.028141,0.118495,2345578.000000,28.430320,41.715516,0.057874
22,5,126,121,131,172.750000,1.056362,4.633031,0.022861,4.654683,0.028468,3.751902,0.033759,15.375448,0.027523,0.112790,2851324.000000,27.377463,41.792039,0.048159
22,5,126,121,132,177.750000,1.085600,5.157930,0.020353,5.346534,0.025880,4.439299,0.030969,17.591186,0.025191,0.099824,3255154.000000,26.145832,41.818192,0.018577
22,5,128,120,129,162.750000,0.961479,3.372677,0.022440,3.044371,0.020501,2.216053,0.017938,10.187424,0.018856,0.086682,1681917.000000,35.795272,41.760555,0.046205
22,5,128,120,130,167.750000,0.945987,3.751087,0.021503,3.356436,0.020560,2.414811,0.019065,11.147882,0.019187,0.088577,1722769.000000,35.626026,41.787399,0.044527
22,5,128,120,131,172.750000,0.938825,4.179277,0.021790,3.734460,0.022510,2.676446,0.022778,12.326380,0.021374,0.098440,1964393.000000,35.441525,41.865589,0.046242
22,5,128,120,132,177.750000,0.941091,4.661747,0.020699,4.197064,0.022044,3.024457,0.023013,13.782565,0.021131,0.096294,2287488.000000,35.159957,41.931370,0.013674
22,5,134,126,133,182.750000,1.019393,3.143744,0.022211,2.981704,0.029772,2.288456,0.037086,10.067893,0.028499,0.125380,1787300.000000,26.226450,41.758276,0.087736
22,5,134,126,134,187.750000,1.048239,3.492874,0.020526,3.425563,0.026456,2.712807,0.031954,11.502528,0.025382,0.107621,2060733.000000,24.766564,41.721785,0.051261
22,5,134,126,135,192.750000,1.070798,3.860702,0.020058,3.887968,0.025392,3.155299,0.030352,12.987444,0.024393,0.100404,2422889.000000,23.510899,41.701250,-0.036364
22,5,134,126,136,197.750000,1.094328,4.267266,0.019589,4.412791,0.024346,3.670513,0.028731,14.670574,0.023431,0.093652,2715573.000000,21.807022,41.695958,-0.025782
22,5,134,126,137,202.750000,1.113186,4.696630,0.018284,4.962290,0.022147,4.209866,0.025623,16.424940,0.021362,0.083346,3157253.000000,19.839395,41.709978,-0.013553
22,5,136,129,134,187.750000,1.115370,2.633794,0.022967,2.670679,0.018687,2.210146,0.013474,9.228913,0.015846,0.066167,1664578.000000,30.273864,41.823687,0.075201
22,5,136,129,135,192.750000,1.079746,2.936246,0.021482,2.920207,0.019829,2.359039,0.017315,9.960110,0.017605,0.074331,1794533.000000,29.670221,41.828517,0.110084
22,5,136,129,136,197.750000,1.070832,3.264571,0.021846,3.249727,0.022306,2.618613,0.022100,10.982403,0.020549,0.086182,1926528.000000,28.610133,41.750295,0.075146
22,5,136,129,137,202.750000,1.065581,3.649421,0.022323,3.645082,0.023929,2.937762,0.024967,12.216884,0.022429,0.093274,2317430.000000,27.472741,41.786931,-0.059715
22,5,136,129,138,207.750000,1.070797,4.079231,0.022724,4.121966,0.025437,3.352090,0.027658,13.722571,0.024159,0.098901,2552783.000000,26.156402,41.802854,-0.045495
22,5,136,129,139,212.750000,1.080337,4.576383,0.023779,4.693568,0.026178,3.864887,0.028089,15.532145,0.024978,0.100382,3022529.000000,24.521901,41.727340,-0.033669
22,5,136,129,140,217.750000,1.084279,5.167459,0.022877,5.350667,0.024561,4.437706,0.025816,17.602237,0.023521,0.093296,3228682.000000,22.657264,41.747863,-0.012652
22,5,141,132,139,212.750000,1.030974,2.705126,0.029557,2.560812,0.032364,1.971365,0.034216,8.761630,0.029744,0.132196,1595519.000000,33.628995,41.778504,0.092303
22,5,141,132,140,217.750000,1.031812,3.104906,0.026921,2.975208,0.030021,2.308622,0.032388,10.064660,0.028021,0.122160,1680137.000000,33.125425,41.873184,0.049755
22,5,141,132,141,222.750000,1.041123,3.540999,0.025495,3.454001,0.028527,2.719088,0.030927,11.581846,0.026910,0.114621,1985445.000000,32.543146,41.815056,0.077233
22,5,141,132,142,227.750000,1.046923,4.007687,0.024340,3.960527,0.027428,3.149545,0.030001,13.181308,0.026077,0.109136,2458940.000000,31.949615,41.865093,0.081315
22,5,141,132,143,232.750000,1.058514,4.516458,0.022341,4.540284,0.024427,3.663991,0.026046,15.019123,0.023308,0.095541,2743054.000000,31.297159,41.819482,0.034692
22,5,141,132,144,237.750000,1.058471,5.016687,0.019943,5.069585,0.020881,4.103869,0.021437,16.681910,0.019935,0.081035,3104326.000000,30.459022,41.817787,0.014706
22,5,142,133,139,212.750000,1.066889,2.974030,0.027768,2.928689,0.026686,2.340801,0.024652,9.968149,0.024146,0.102824,1708873.000000,30.872704,41.832676,0.085776
22,5,142,133,140,217.750000,1.049921,3.386951,0.025634,3.319468,0.026307,2.629327,0.026238,11.171600,0.024357,0.103487,1937520.000000,29.982700,41.842982,0.074329
22,5,142,133,141,222.750000,1.051229,3.842250,0.025293,3.801933,0.027224,3.030674,0.028550,12.689163,0.025668,0.107470,2216642.000000,28.921919,41.797598,0.021424
22,5,142,133,142,227.750000,1.053693,4.358755,0.024880,4.354522,0.028611,3.494571,0.031908,14.428668,0.027362,0.112976,2555503.000000,27.838618,41.816878,0.019740
22,5,142,133,143,232.750000,1.074910,4.926720,0.023057,5.047822,0.027469,4.145716,0.031413,16.637181,0.026549,0.106544,3143680.000000,26.634295,41.801110,0.025781
22,5,143,133,139,212.750000,1.026038,2.760599,0.028133,2.606558,0.032641,1.999764,0.036361,8.898501,0.030348,0.135044,1522407.000000,28.186346,41.821184,-0.021800
22,5,143,133,140,217.750000,1.036002,3.148920,0.025570,3.031956,0.029183,2.363334,0.032112,10.248780,0.027378,0.118729,1771584.000000,26.842782,41.839544,-0.044304
22,5,143,133,141,222.750000,1.044832,3.565784,0.024687,3.491369,0.027823,2.758684,0.030360,11.704455,0.026274,0.111472,2043882.000000,25.332679,41.776024,-0.055306
22,5,143,133,142,227.750000,1.052599,4.029212,0.023643,4.003374,0.025889,3.200874,0.027596,13.323952,0.024545,0.102171,2386491.000000,23.663854,41.775434,-0.003830
22,5,143,133,143,232.750000,1.054936,4.518407,0.022401,4.527801,0.023765,3.642006,0.024660,14.974809,0.022597,0.092910,2771145.000000,21.959394,41.733038,0.024547
22,5,143,133,144,237.750000,1.054921,5.041364,0.020747,5.079419,0.021720,4.098991,0.022297,16.707745,0.020744,0.084554,3156595.000000,20.012231,41.726638,0.016423
22,5,146,142,144,237.750000,1.084825,2.797787,0.027518,2.782556,0.026814,2.251740,0.025100,9.535076,0.024085,0.101988,1738324.000000,26.575240,41.812954,0.058357
22,5,146,142,145,242.750000,1.068456,3.182731,0.025645,3.155620,0.025728,2.534338,0.024993,10.683328,0.023559,0.099311,1915181.000000,25.189017,41.713447,0.081375
22,5,146,142,146,247.750000,1.061501,3.613987,0.025205,3.594442,0.026944,2.885154,0.028036,12.051941,0.025230,0.105390,2258405.000000,23.582394,41.722749,0.053723
22,5,146,142,147,252.750000,1.067142,4.093629,0.023434,4.124099,0.025686,3.343214,0.027402,13.724003,0.024367,0.100027,2695210.000000,21.731430,41.751828,0.040809
22,5,148,140,145,242.750000,0.968778,2.659258,0.025511,2.374821,0.024848,1.722158,0.023300,8.093469,0.022489,0.105690,1344500.000000,36.243117,41.874107,0.039524
22,5,148,140,146,247.750000,0.955794,2.998466,0.024633,2.669869,0.024388,1.922792,0.023389,9.003544,0.022411,0.104939,1538350.000000,36.032363,41.874074,0.072430
22,5,148,140,147,252.750000,0.947210,3.397875,0.025075,3.025960,0.025105,2.171875,0.024472,10.111222,0.023403,0.108952,1737177.000000,35.836483,41.899986,0.060146
22,5,148,140,148,257.750000,0.939915,3.850487,0.025619,3.429543,0.025959,2.454283,0.025709,11.369835,0.024475,0.113386,1974066.000000,35.595682,41.833771,-0.010726
22,5,148,140,149,262.750000,0.936129,4.384326,0.024352,3.916232,0.024855,2.802847,0.024872,12.894024,0.023642,0.108760,2275793.000000,35.405993,41.844183,-0.010527
22,5,149,140,145,242.750000,1.041558,2.768801,0.024602,2.651057,0.023487,2.063297,0.021484,9.059934,0.021090,0.092605,1598891.000000,33.622918,41.763852,0.035975
22,5,149,140,146,247.750000,1.025269,3.109393,0.024145,2.962381,0.024075,2.284940,0.023238,10.015288,0.022061,0.096697,1844886.000000,33.101623,41.784130,-0.061029
22,5,149,140,147,252.750000,1.019202,3.519579,0.024933,3.364238,0.026011,2.594275,0.026434,11.269398,0.024310,0.105602,2045778.000000,32.541628,41.824902,-0.041077
22,5,149,140,148,257.750000,1.018330,3.986928,0.025842,3.837468,0.027113,2.970712,0.027784,12.754895,0.025601,0.109920,2392759.000000,31.766823,41.778323,-0.037571
22,5,149,140,149,262.750000,1.016851,4.549899,0.026533,4.404673,0.027524,3.419671,0.027970,14.534794,0.026170,0.111233,2713638.000000,31.044939,41.812677,-0.025896
22,5,149,140,150,267.750000,1.014756,5.194157,0.024807,5.049818,0.025551,3.927200,0.025847,16.558707,0.024445,0.103072,3172770.000000,29.978413,41.769716,-0.017673
22,5,150,141,145,242.750000,1.078701,2.916372,0.024204,2.896183,0.026311,2.336627,0.027650,9.883112,0.024226,0.102468,1804764.000000,30.854226,41.799085,0.066317
22,5,150,141,146,247.750000,1.078809,3.269305,0.021736,3.277196,0.023855,2.659668,0.025366,11.080257,0.022229,0.092608,2175442.000000,29.959068,41.706094,-0.022382
22,5,150,141,147,252.750000,1.083515,3.626998,0.020803,3.677963,0.023125,3.011291,0.024926,12.346166,0.021765,0.089234,2376244.000000,28.972051,41.782053,-0.027023
22,5,150,141,148,257.750000,1.089083,4.023826,0.019730,4.127740,0.022364,3.410260,0.024568,13.767338,0.021236,0.085729,2769640.000000,27.816603,41.709869,-0.029887
22,5,150,141,149,262.750000,1.099443,4.420890,0.017963,4.601110,0.020576,3.849130,0.022804,15.269759,0.019678,0.078065,3044673.000000,26.608846,41.735438,-0.014835
22,5,157,148,150,267.750000,0.956256,2.593574,0.028477,2.283884,0.035260,1.633751,0.041417,7.791532,0.033119,0.157950,1348559.000000,33.804790,41.832770,-0.046510
22,5,157,148,151,272.750000,0.975687,2.962858,0.026764,2.686528,0.032668,1.972079,0.037943,9.081783,0.030942,0.142493,1639038.000000,33.218207,41.858637,-0.072183
22,5,157,148,152,277.750000,0.996470,3.386555,0.027195,3.161510,0.032891,2.382011,0.038000,10.601616,0.031332,0.139452,1877998.000000,32.661331,41.873609,-0.041495
22,5,157,148,153,282.750000,1.016569,3.883817,0.025607,3.726395,0.030318,2.877233,0.034423,12.403534,0.029055,0.125254,2199612.000000,31.919289,41.891986,-0.010606
22,5,160,149,151,272.750000,1.089930,2.914223,0.026097,2.921363,0.027919,2.380030,0.028883,9.978635,0.025609,0.107368,1848437.000000,30.309970,41.818809,0.069804
22,5,160,149,152,277.750000,1.087575,3.294486,0.024597,3.329165,0.026526,2.723745,0.027751,11.256328,0.024647,0.101857,2149980.000000,29.346045,41.803004,0.028830
22,5,160,149,153,282.750000,1.089897,3.724565,0.024602,3.804471,0.026770,3.135910,0.028317,12.752954,0.025157,0.102306,2411254.000000,28.211934,41.752456,0.030121
22,5,160,149,154,287.750000,1.093432,4.210789,0.024761,4.347637,0.027463,3.611755,0.029632,14.464564,0.026070,0.104406,2805427.000000,26.944573,41.765711,0.016984
22,5,160,149,155,292.750000,1.103315,4.767188,0.023343,4.998473,0.026041,4.206140,0.028263,16.523862,0.024925,0.097919,3217688.000000,25.445525,41.791480,0.020704
22,5,161,149,151,272.750000,1.028788,2.989813,0.029593,2.848748,0.034354,2.200273,0.038356,9.663173,0.032148,0.141187,1816013.000000,27.466037,41.791262,-0.038618
22,5,161,149,152,277.750000,1.040235,3.432205,0.025338,3.338081,0.030809,2.622240,0.035784,11.216424,0.029299,0.125324,2138624.000000,26.101981,41.786881,0.068004
22,5,161,149,153,282.750000,1.068007,3.859474,0.023519,3.877164,0.030054,3.138608,0.036168,12.949480,0.028902,0.119247,2482061.000000,24.545342,41.732727,0.062782
22,5,161,149,154,287.750000,1.097169,4.339933,0.021401,4.503307,0.029196,3.757403,0.036793,14.959133,0.028358,0.112900,2964818.000000,22.816468,41.708055,0.041578
22,5,161,149,155,292.750000,1.142852,4.788245,0.018726,5.191960,0.026528,4.521075,0.033783,17.191592,0.025972,0.098758,3391766.000000,20.744161,41.721568,0.006395
22,5,162,157,154,287.750000,0.981967,2.454012,0.020975,2.202828,0.029970,1.610602,0.038812,7.570484,0.028603,0.134445,1315713.000000,32.198691,41.806183,0.146425
22,5,162,157,155,292.750000,1.015865,2.711373,0.022138,2.532923,0.027764,1.923154,0.032715,8.653167,0.026210,0.117932,1583901.000000,31.439247,41.812603,-0.032718
22,5,162,157,156,297.750000,1.025353,3.054258,0.023669,2.906072,0.027951,2.239765,0.031645,9.838506,0.026304,0.115546,1831660.000000,30.536784,41.846144,-0.075246
22,5,162,157,157,302.750000,1.041898,3.434272,0.024840,3.345199,0.027070,2.631921,0.028620,11.241121,0.025418,0.108561,2006636.000000,29.465412,41.854300,-0.057992
22,5,162,157,158,307.750000,1.034256,3.907330,0.025642,3.811622,0.028348,2.993023,0.030514,12.695736,0.026840,0.113847,2328583.000000,28.458949,41.873198,-0.036891
22,5,162,157,159,312.750000,1.051083,4.436179,0.023843,4.425705,0.027751,3.545217,0.031151,14.648593,0.026663,0.110169,2644212.000000,27.162374,41.775551,-0.025005
22,5,163,157,154,287.750000,1.009148,2.229903,0.026148,2.031756,0.026390,1.514501,0.025545,7.069532,0.023349,0.108993,1237053.000000,30.085762,41.844588,-0.002073
22,5,163,157,155,292.750000,0.996660,2.521441,0.024676,2.299848,0.025997,1.707943,0.026453,7.894882,0.023580,0.108997,1368329.000000,28.969308,41.814544,0.109066
22,5,163,157,156,297.750000,0.996767,2.852094,0.023886,2.629656,0.026550,1.966299,0.028525,8.931147,0.024664,0.112025,1547588.000000,27.727710,41.697788,0.053319
22,5,163,157,157,302.750000,1.003586,3.202692,0.022773,2.998033,0.025851,2.268835,0.028350,10.097632,0.024317,0.108227,1795354.000000,26.250616,41.743456,0.032133
22,5,163,157,158,307.750000,1.012014,3.581454,0.022277,3.404690,0.026517,2.609509,0.030316,11.386638,0.025254,0.110197,2007161.000000,24.754751,41.831314,0.041095
22,5,163,157,159,312.750000,1.032239,4.000535,0.021148,3.900846,0.026195,3.059923,0.030861,12.973230,0.025191,0.106804,2369538.000000,22.949313,41.746139,-0.041777
22,5,163,157,160,317.750000,1.053590,4.427485,0.019286,4.426534,0.023752,3.553840,0.027796,14.654753,0.022948,0.094631,2718316.000000,21.087031,41.660756,0.015451
22,5,164,156,156,297.750000,0.928028,2.782084,0.028729,2.397029,0.033081,1.672595,0.036702,8.111128,0.030998,0.150323,1510794.000000,36.108650,41.831294,0.036534
22,5,164,156,157,302.750000,0.937234,3.181716,0.026253,2.793506,0.030846,1.979534,0.034872,9.368274,0.029261,0.138481,1552043.000000,35.963931,41.863049,0.024373
22,5,164,156,158,307.750000,0.954956,3.617371,0.025736,3.258725,0.030930,2.362902,0.035624,10.852410,0.029612,0.136001,1906611.000000,35.846561,41.909547,0.035722
22,5,164,156,159,312.750000,0.973800,4.112677,0.025065,3.801420,0.030767,2.821292,0.036076,12.581839,0.029662,0.132281,2175993.000000,35.572521,41.828057,0.025055
22,5,164,156,160,317.750000,0.998740,4.648230,0.023043,4.428311,0.028313,3.380706,0.033094,14.584444,0.027462,0.118473,2677315.000000,35.284725,41.781361,0.024284
22,5,165,156,156,297.750000,1.040330,2.830425,0.027591,2.712315,0.026330,2.111164,0.024099,9.250656,0.023721,0.103941,1747223.000000,33.370862,41.916920,-0.067721
22,5,165,156,157,302.750000,1.022642,3.220893,0.025676,3.069389,0.025920,2.365544,0.025388,10.347837,0.023884,0.104478,1793648.000000,32.732309,41.875582,-0.064128
22,5,165,156,158,307.750000,1.020193,3.657417,0.025488,3.507915,0.026788,2.711729,0.027447,11.722135,0.025142,0.108681,2084428.000000,32.170394,41.969240,-0.001773
22,5,165,156,159,312.750000,1.018977,4.153104,0.025045,4.009094,0.027347,3.109828,0.029132,13.294963,0.025993,0.111124,2423151.000000,31.365893,41.884409,-0.011458
22,5,165,156,160,317.750000,1.028463,4.697572,0.023181,4.604288,0.025854,3.617685,0.028076,15.177914,0.024812,0.104097,2729105.000000,30.605997,41.796556,-0.005132
22,5,172,164,161,322.750000,1.027695,2.693185,0.030059,2.541119,0.028225,1.949848,0.025295,8.695215,0.025234,0.112530,1577106.000000,36.302912,41.825930,0.061510
22,5,172,164,162,327.750000,1.006141,3.097960,0.026505,2.899738,0.025434,2.196454,0.023505,9.792292,0.023181,0.103348,1681361.000000,35.840357,41.889292,0.095444
22,5,172,164,163,332.750000,0.993179,3.514307,0.024808,3.278651,0.024598,2.466126,0.023712,10.965212,0.022862,0.101652,1954785.000000,35.815031,41.781912,0.043505
22,5,172,164,164,337.750000,0.986183,3.969796,0.023527,3.706234,0.025013,2.781211,0.025984,12.299168,0.023678,0.104708,2269250.000000,35.664635,41.781037,0.032572
22,5,172,164,165,342.750000,0.993033,4.448300,0.021923,4.205685,0.023857,3.188806,0.025361,13.877377,0.022803,0.099237,2532032.000000,35.388241,41.837663,0.023363
22,5,172,164,166,347.750000,0.995398,4.944984,0.020088,4.709596,0.021399,3.589915,0.022346,15.463631,0.020516,0.088373,2994599.000000,35.171783,41.985049,0.015798
22,5,173,164,161,322.750000,1.050072,2.575822,0.033529,2.468167,0.031331,1.927585,0.027835,8.497373,0.027732,0.122249,1456592.000000,33.732585,41.787194,-0.009391
22,5,173,164,162,327.750000,1.024004,3.007644,0.028424,2.854812,0.026413,2.195857,0.023428,9.675605,0.023796,0.104852,1731668.000000,32.861099,41.883084,-0.037126
22,5,173,164,163,332.750000,1.002029,3.430714,0.025456,3.222202,0.024904,2.442026,0.023606,10.799776,0.023007,0.101746,1937074.000000,32.476537,41.837070,0.088015
22,5,173,164,164,337.750000,0.997361,3.880973,0.023124,3.657262,0.023553,2.772312,0.023427,12.160265,0.022146,0.097141,2221227.000000,31.895117,41.823454,0.071630
22,5,173,164,165,342.750000,0.992318,4.328153,0.020306,4.083587,0.021845,3.091485,0.022984,13.492840,0.020806,0.090808,2426877.000000,31.122464,41.842909,0.051795
22,5,173,164,166,347.750000,1.000940,4.759856,0.018139,4.549324,0.020475,3.482874,0.022475,14.967583,0.019706,0.084685,2910080.000000,30.384999,41.885414,-0.029914
22,5,174,165,161,322.750000,1.008698,2.715706,0.024778,2.520976,0.032126,1.901486,0.039037,8.605852,0.030368,0.137442,1486524.000000,30.999971,41.790672,0.095124
22,5,174,165,162,327.750000,1.033785,3.052153,0.022262,2.925923,0.027592,2.272628,0.032354,9.912575,0.026165,0.114123,1827589.000000,29.839747,41.852354,-0.023250
22,5,174,165,163,332.750000,1.049992,3.395167,0.021556,3.328302,0.025191,2.636775,0.028283,11.199454,0.023828,0.101206,2071241.000000,29.023111,41.774117,-0.056394
22,5,174,165,164,337.750000,1.058319,3.784023,0.021031,3.764341,0.023444,3.018391,0.025356,12.581147,0.022178,0.092443,2445983.000000,28.051968,41.737114,-0.040013
22,5,174,165,165,342.750000,1.062537,4.190985,0.020024,4.210796,0.020961,3.402108,0.021434,13.989758,0.019807,0.081448,2736530.000000,26.709121,41.770014,0.024195
22,5,174,165,166,347.750000,1.056996,4.623216,0.018698,4.646958,0.018772,3.747608,0.018438,15.352083,0.017748,0.072704,3162144.000000,25.558433,41.821443,0.015395
22,5,178,172,167,352.750000,0.955641,2.786301,0.030324,2.466718,0.037488,1.770032,0.044048,8.365129,0.035382,0.167217,1501466.000000,36.251325,42.026714,0.003561
22,5,178,172,168,357.750000,0.976628,3.208762,0.026825,2.929080,0.030871,2.159863,0.034214,9.845024,0.029190,0.133054,1815095.000000,36.068931,41.983497,-0.013440
22,5,178,172,169,362.750000,0.980917,3.647054,0.025677,3.370969,0.028195,2.509016,0.030123,11.238919,0.026681,0.119515,2100708.000000,35.886650,42.144745,0.061689
22,5,178,172,170,367.750000,0.986262,4.145214,0.024259,3.879523,0.025100,2.915651,0.025408,12.843676,0.023788,0.104787,2377074.000000,35.702382,42.105318,0.055240
22,5,178,172,171,372.750000,0.977929,4.652654,0.021813,4.344730,0.021415,3.249815,0.020565,14.294130,0.020294,0.089264,2606790.000000,35.297536,42.172825,0.043659
22,5,179,172,167,352.750000,0.953679,2.929787,0.032065,2.598895,0.039378,1.865734,0.046081,8.777847,0.037260,0.175300,1582265.000000,33.476417,41.984089,0.086120
22,5,179,172,168,357.750000,0.975027,3.399508,0.028757,3.110595,0.034232,2.295607,0.039063,10.413161,0.032603,0.147891,1941292.000000,32.770570,41.971451,0.093841
22,5,179,172,169,362.750000,0.991640,3.907400,0.026840,3.663704,0.030848,2.762478,0.034290,12.172832,0.029461,0.129818,2289243.000000,32.259399,42.098826,0.096684
22,5,179,172,170,367.750000,1.001775,4.448238,0.024317,4.240768,0.027215,3.242853,0.029627,13.999352,0.026094,0.112649,2533335.000000,31.595312,42.036628,0.072212
22,5,180,173,167,352.750000,1.027536,2.792763,0.029781,2.643082,0.029664,2.031865,0.028519,9.015319,0.026933,0.119502,1717349.000000,30.610429,41.997767,0.054438
22,5,180,173,168,357.750000,1.014801,3.208621,0.025170,3.035109,0.027342,2.321597,0.028847,10.229374,0.025486,0.112296,1851108.000000,29.633248,41.960866,0.073912
22,5,180,173,169,362.750000,1.027537,3.600375,0.023090,3.472934,0.027032,2.701576,0.030462,11.622375,0.025692,0.110528,2168727.000000,28.627891,42.026813,0.083507
22,5,180,173,170,367.750000,1.041244,4.039960,0.020542,3.973915,0.026578,3.144561,0.032387,13.215374,0.025658,0.107830,2536864.000000,27.410446,41.962337,0.066611
22,5,180,173,171,372.750000,1.078676,4.430278,0.017620,4.529135,0.024518,3.719999,0.030938,15.013146,0.023949,0.096654,2925471.000000,25.989419,42.045203,0.050218
22,5,181,173,167,352.750000,0.999286,2.583206,0.033387,2.367067,0.032549,1.764711,0.030491,8.109590,0.029266,0.134488,1461117.000000,27.993432,41.872883,0.061143
22,5,181,173,168,357.750000,0.981639,3.014437,0.027598,2.752295,0.029640,2.033748,0.030913,9.296250,0.027494,0.125673,1762649.000000,26.582001,41.857538,0.011116
22,5,181,173,169,362.750000,0.994079,3.415141,0.025026,3.182854,0.029171,2.393402,0.032748,10.665462,0.027676,0.123329,1862242.000000,25.192064,42.009148,0.064019
22,5,181,173,170,367.750000,1.007637,3.869112,0.021825,3.680768,0.029261,2.817541,0.036582,12.248001,0.028327,0.123141,2217067.000000,23.631541,41.950493,0.054097
22,5,181,173,171,372.750000,1.056286,4.259556,0.018333,4.259870,0.027189,3.424109,0.035429,14.134999,0.026700,0.110218,2779841.000000,21.805497,42.074798,-0.002390
22,5,184,179,171,372.750000,0.963433,2.583816,0.028510,2.290140,0.036922,1.649509,0.044849,7.820476,0.034871,0.165374,1415660.000000,31.759987,42.160622,0.031771
22,5,184,179,172,377.750000,0.990251,2.952144,0.025688,2.712924,0.031012,2.019402,0.035635,9.184013,0.029326,0.133410,1580618.000000,30.978567,42.162915,0.028055
22,5,184,179,173,382.750000,1.001341,3.342160,0.024940,3.131463,0.028682,2.369115,0.031825,10.513781,0.027117,0.120374,1956381.000000,30.140558,42.083284,0.103960
22,5,184,179,174,387.750000,1.011937,3.785671,0.024692,3.611103,0.027962,2.773377,0.030685,12.034997,0.026575,0.115162,2065968.000000,28.895181,42.070921,-0.053921
22,5,184,179,175,392.733333,1.020499,4.275349,0.024589,4.139501,0.027361,3.218698,0.029635,13.706741,0.026116,0.111246,2419248.000000,27.991065,42.081360,0.019655
22,5,184,179,176,397.750000,1.027570,4.836941,0.023144,4.743698,0.025389,3.727231,0.027197,15.614646,0.024356,0.102406,2846188.000000,26.794268,42.119312,0.008918
22,5,185,179,171,372.750000,1.028242,2.496822,0.030439,2.340442,0.030732,1.788715,0.029866,8.065526,0.027580,0.124398,1424184.000000,29.350828,42.022624,0.045009
22,5,185,179,172,377.750000,1.015488,2.876821,0.027676,2.700075,0.028920,2.055826,0.029282,9.177774,0.026530,0.118473,1639142.000000,28.193354,42.006317,0.093362
22,5,185,179,173,382.750000,1.014993,3.293019,0.026515,3.121305,0.029194,2.390712,0.031188,10.500427,0.027360,0.120202,1829870.000000,26.901640,42.120799,-0.027382
22,5,185,179,174,387.750000,1.022901,3.749963,0.025157,3.611297,0.029271,2.801453,0.032875,12.050647,0.027859,0.119674,2101298.000000,25.244328,42.085087,-0.057337
22,5,185,179,175,392.733333,1.041185,4.234840,0.024247,4.176608,0.030170,3.310144,0.035735,13.852069,0.029072,0.121693,2516566.000000,23.869164,42.034911,0.060839
22,5,185,179,176,397.750000,1.071368,4.776785,0.022615,4.871367,0.028429,3.984337,0.033730,16.077707,0.027594,0.111751,2989446.000000,22.136861,42.069676,0.061668
22,5,192,187,177,402.750000,1.103104,2.691246,0.026005,2.707587,0.026688,2.220616,0.026398,9.326518,0.024035,0.100948,1734274.000000,31.448229,42.203498,0.009667
22,5,192,187,178,407.750000,1.093488,3.041181,0.023917,3.068893,0.023526,2.513712,0.022327,10.447354,0.021328,0.088643,1988677.000000,30.506673,42.229192,0.007919
22,5,192,187,179,412.750000,1.075877,3.418595,0.023450,3.429584,0.022270,2.781842,0.020357,11.554742,0.020347,0.084513,2161111.000000,29.803346,42.168963,0.057351
22,5,192,187,180,417.750000,1.060112,3.842847,0.022723,3.832669,0.021151,3.080018,0.018953,12.798365,0.019525,0.081131,2383744.000000,28.776317,42.159637,0.061620
22,5,192,187,181,422.750000,1.042315,4.291787,0.020921,4.240245,0.019224,3.365604,0.016971,14.053579,0.017863,0.074591,2701252.000000,27.593076,42.088585,-0.021198
22,5,199,186,178,407.750000,1.126319,2.950857,0.026601,3.051364,0.023380,2.566022,0.019184,10.441418,0.020610,0.083865,2073637.000000,33.399887,42.247626,0.101180
22,5,199,186,179,412.750000,1.096540,3.343342,0.024805,3.408071,0.024698,2.812150,0.023781,11.517417,0.022595,0.092541,2200205.000000,33.081670,42.185659,0.012111
22,5,199,186,180,417.750000,1.098350,3.780188,0.024622,3.893080,0.026689,3.234775,0.028136,13.043799,0.025080,0.101133,2527090.000000,32.494204,42.199364,0.026570
22,5,199,186,181,422.750000,1.101382,4.274115,0.024442,4.447113,0.029103,3.722272,0.033376,14.788841,0.027837,0.110599,2977460.000000,31.766616,42.169461,0.006551
22,5,199,186,182,427.750000,1.132133,4.824868,0.022830,5.187330,0.028539,4.477129,0.033721,17.160607,0.027642,0.105950,3537608.000000,31.057490,42.044521,0.006105
