fov,line,cellID,parentID,frame,tTrans,w,L,growthRateL2_0,area,growthRatearea2_0,V,growthRateV2_0,SA,growthRateSA2_0,beta2SA_V_2_0,Itot,xCM,yCM,orientation
16,5,32,20,30,-333.000000,1.001665,2.102196,0.016185,1.890379,0.016414,1.393454,0.015939,6.615238,0.014399,0.068355,956301.000000,16.950244,29.204379,0.078086
16,5,32,20,31,-328.000000,0.993386,2.272319,0.015504,2.045518,0.015661,1.504507,0.015194,7.091488,0.013889,0.065464,1111962.000000,17.732741,29.311688,0.076562
16,5,32,20,32,-323.000000,0.985618,2.454502,0.016335,2.210729,0.018011,1.622046,0.019148,7.600148,0.016459,0.077117,1180413.000000,18.302384,29.320827,0.169022
16,5,32,20,33,-318.000000,0.993340,2.673260,0.016006,2.443703,0.018630,1.815096,0.020784,8.342360,0.017364,0.079805,1286426.000000,19.201338,29.308315,0.136687
16,5,32,20,34,-313.000000,0.999274,2.882379,0.016902,2.665997,0.019025,1.999301,0.020662,9.048690,0.017737,0.080275,1431031.000000,20.014870,29.489737,0.048947
16,5,32,20,35,-308.000000,1.001863,3.160434,0.018990,2.950921,0.020966,2.228193,0.022432,9.947297,0.019624,0.087606,1645663.000000,21.017520,29.545984,0.051894
16,5,32,20,36,-303.000000,1.005482,3.482548,0.019619,3.284677,0.021013,2.499127,0.021905,11.000719,0.019732,0.086857,1807532.000000,22.012690,29.610173,0.039900
16,5,32,20,37,-298.000000,1.003538,3.843667,0.020756,3.641144,0.019857,2.775622,0.018447,12.117964,0.018517,0.080842,2074100.000000,23.248559,29.529810,0.022163
16,5,32,20,38,-293.000000,0.984944,4.280331,0.020403,4.007698,0.018292,3.011145,0.015643,13.244597,0.017013,0.074831,2432693.000000,24.733484,29.618041,0.032582
16,5,35,26,37,-298.000000,0.907897,2.094250,0.018297,1.724472,0.022505,1.159867,0.026188,5.973307,0.020848,0.107368,883332.000000,14.888486,29.447108,-0.037369
16,5,35,26,38,-293.000000,0.918506,2.285846,0.019449,1.918514,0.022670,1.311741,0.025268,6.595972,0.020988,0.105537,993709.000000,15.455333,29.535207,-0.056478
16,5,35,26,39,-288.000000,0.922479,2.538832,0.020883,2.159401,0.022851,1.491313,0.024167,7.357675,0.021115,0.104173,1219162.000000,15.879670,29.616871,-0.132894
16,5,35,26,40,-283.000000,0.921178,2.816037,0.020341,2.411967,0.024991,1.672145,0.029275,8.149516,0.023662,0.115320,1352220.000000,16.428751,29.604677,0.095501
16,5,35,26,41,-278.000000,0.949919,3.111656,0.019475,2.762176,0.024471,1.980830,0.028974,9.285984,0.023400,0.109698,1530459.000000,17.043692,29.601629,0.111681
16,5,35,26,42,-273.000000,0.960167,3.422045,0.018832,3.087889,0.023670,2.246072,0.028205,10.322441,0.022694,0.104296,1635765.000000,17.786810,29.678244,0.079575
16,5,35,26,43,-268.000000,0.985461,3.756090,0.018434,3.493074,0.023767,2.614324,0.028756,11.628545,0.022939,0.102031,1837138.000000,18.687930,29.630098,0.077609
16,5,35,26,44,-263.000000,1.004951,4.114432,0.018031,3.918072,0.023186,2.997840,0.028071,12.989870,0.022426,0.097175,2013040.000000,19.641530,29.652577,-0.042449
16,5,35,26,45,-258.000000,1.029082,4.497954,0.020466,4.401498,0.024493,3.455837,0.028119,14.541691,0.023606,0.099330,2456683.000000,20.503132,29.679606,0.055488
16,5,35,26,46,-253.000000,1.038227,5.034984,0.021332,4.996134,0.023804,3.969596,0.025885,16.422540,0.022906,0.094763,2830636.000000,21.589212,29.663091,0.060169
16,5,37,25,38,-293.000000,0.707059,2.106222,0.023924,1.381937,0.035840,0.734459,0.047923,4.678535,0.034675,0.220878,709495.000000,11.135145,29.467539,0.042290
16,5,37,25,39,-288.000000,0.741006,2.358167,0.023035,1.629579,0.031480,0.910447,0.039401,5.489664,0.030354,0.183021,701161.000000,11.058455,29.667602,0.058205
16,5,37,25,40,-283.000000,0.762287,2.649431,0.022884,1.894926,0.031200,1.093184,0.039256,6.344845,0.030152,0.175005,1034705.000000,11.298681,29.628044,0.057440
16,5,37,25,41,-278.000000,0.794874,2.964470,0.023295,2.220790,0.032281,1.339590,0.040929,7.402788,0.031342,0.173202,1185925.000000,11.330818,29.608992,0.060546
16,5,37,25,42,-273.000000,0.825796,3.340014,0.021748,2.611824,0.028574,1.641459,0.034986,8.665046,0.027703,0.146243,1233042.000000,11.519113,29.698000,0.051256
16,5,37,25,43,-268.000000,0.845466,3.690847,0.018987,2.967087,0.022858,1.913872,0.026356,9.803300,0.022047,0.112928,1482189.000000,11.734361,29.621504,0.046961
16,5,37,25,44,-263.000000,0.852837,4.040786,0.018274,3.290047,0.021773,2.145886,0.025004,10.826349,0.021028,0.106091,1604775.000000,11.919279,29.653708,0.036696
16,5,37,25,45,-258.000000,0.868125,4.429260,0.018330,3.683418,0.019807,2.450432,0.020941,12.079898,0.019053,0.093927,1892276.000000,12.044283,29.666765,0.038728
16,5,37,25,46,-253.000000,0.861123,4.852690,0.017451,4.019630,0.016728,2.659029,0.015690,13.127975,0.015967,0.078832,2070740.000000,12.306784,29.641076,0.044347
16,5,38,25,38,-293.000000,0.937390,2.232881,0.022159,1.904511,0.019525,1.325338,0.015987,6.575610,0.016927,0.083983,1062349.000000,13.253263,29.437968,-0.047095
16,5,38,25,39,-288.000000,0.915315,2.480273,0.021196,2.090437,0.019633,1.431278,0.017260,7.132142,0.017472,0.087062,1115727.000000,13.528211,29.579202,-0.085058
16,5,38,25,40,-283.000000,0.902536,2.758591,0.020994,2.314919,0.022113,1.572374,0.022618,7.821710,0.020453,0.101745,1261196.000000,13.815537,29.594988,0.090896
16,5,38,25,41,-278.000000,0.908493,3.059425,0.020258,2.602341,0.023433,1.786921,0.026141,8.731947,0.022177,0.108371,1429529.000000,14.182546,29.583813,0.114409
16,5,38,25,42,-273.000000,0.919418,3.378371,0.019046,2.924727,0.022966,2.039497,0.026515,9.758215,0.021961,0.105074,1476124.000000,14.628832,29.661288,0.098122
16,5,38,25,43,-268.000000,0.934845,3.702854,0.017300,3.274048,0.023092,2.327704,0.028702,10.874924,0.022381,0.104564,1707643.000000,15.205966,29.612552,0.095940
16,5,38,25,44,-263.000000,0.965646,4.018947,0.015730,3.680771,0.022100,2.707592,0.028061,12.192149,0.021608,0.097299,1834391.000000,15.768345,29.613354,0.000530
16,5,41,38,45,-258.000000,0.898865,2.271468,0.015010,1.868354,0.014430,1.251273,0.013278,6.414327,0.012867,0.065961,955838.000000,15.125376,29.635925,0.112684
16,5,41,38,46,-253.000000,0.889906,2.441946,0.015810,2.003152,0.018161,1.334346,0.020092,6.827003,0.016872,0.086326,1027465.000000,15.686119,29.566265,0.046910
16,5,41,38,47,-248.000000,0.906254,2.657533,0.017841,2.232148,0.021945,1.519369,0.025592,7.566211,0.020772,0.103440,1218191.000000,16.112847,29.749796,0.131459
16,5,41,38,48,-243.000000,0.916770,2.916077,0.018410,2.493005,0.022723,1.723185,0.026650,8.398642,0.021612,0.105336,1309866.000000,17.023180,29.677699,0.068113
16,5,41,38,49,-238.000000,0.934820,3.194383,0.018460,2.798636,0.025166,1.978596,0.031667,9.381344,0.024301,0.115223,1539751.000000,17.084087,29.672186,0.131335
16,5,41,38,50,-233.000000,0.969566,3.505749,0.019652,3.197316,0.025988,2.349747,0.031901,10.678445,0.025099,0.114063,1693089.000000,17.969029,29.654738,0.097408
16,5,41,38,51,-228.000000,0.988661,3.883336,0.017898,3.629540,0.024363,2.728195,0.030666,12.061526,0.023654,0.104577,1876918.000000,18.901631,29.673886,0.089745
16,5,41,38,52,-223.000000,1.025337,4.200776,0.015113,4.081596,0.022151,3.186379,0.028759,13.531501,0.021727,0.092266,2150757.000000,19.830873,29.725972,-0.063645
16,5,43,37,47,-248.000000,0.830354,2.339273,0.029957,1.794459,0.028445,1.116884,0.025915,6.102307,0.025722,0.140539,900795.000000,11.126211,29.715950,0.027208
16,5,43,37,48,-243.000000,0.815062,2.689665,0.025928,2.049678,0.025679,1.261605,0.024664,6.887136,0.023694,0.129346,1071569.000000,11.295123,29.572717,-0.027613
16,5,43,37,49,-238.000000,0.810714,3.036649,0.023159,2.320804,0.025731,1.428044,0.027812,7.734138,0.024369,0.131979,1065489.000000,11.267311,29.757270,0.057776
16,5,43,37,50,-233.000000,0.822940,3.392919,0.021919,2.646835,0.023670,1.658774,0.024931,8.771861,0.022524,0.119110,1222273.000000,11.498871,29.714805,0.044272
16,5,43,37,51,-228.000000,0.817587,3.780339,0.019711,2.947307,0.022102,1.841596,0.024178,9.709901,0.021192,0.111736,1364120.000000,11.773807,29.716777,0.040970
16,5,43,37,52,-223.000000,0.833042,4.138048,0.018036,3.298242,0.021360,2.104031,0.024376,10.829594,0.020670,0.106390,1553287.000000,11.932676,29.588158,-0.018571
16,5,43,37,53,-218.000000,0.840195,4.526674,0.017170,3.651796,0.019363,2.354467,0.021273,11.948386,0.018727,0.095036,1662850.000000,11.968014,29.753041,-0.045800
16,5,55,52,59,-188.000000,0.834305,3.931187,0.018637,3.130433,0.027014,1.997100,0.035473,10.303828,0.026446,0.136448,1376324.000000,11.750587,29.708557,0.013686
16,5,55,52,60,-183.000000,0.864105,4.297519,0.017843,3.553269,0.025407,2.351317,0.032807,11.666327,0.024918,0.123635,1914697.000000,11.738934,29.883737,0.002645
16,5,55,52,61,-178.000000,0.895097,4.697988,0.017049,4.033218,0.023800,2.768508,0.030138,13.210889,0.023383,0.111581,2109920.000000,11.888055,29.875380,0.042147
16,5,56,52,59,-188.000000,0.923686,3.892727,0.017886,3.412560,0.017160,2.402190,0.016020,11.296092,0.016122,0.075811,1698214.000000,15.566384,29.741730,0.005082
16,5,56,52,60,-183.000000,0.916207,4.240852,0.016632,3.705353,0.014558,2.594605,0.012133,12.206649,0.013615,0.064052,2095171.000000,16.047229,29.851179,-0.009663
16,5,56,52,61,-178.000000,0.897039,4.598077,0.016042,3.951970,0.016426,2.716981,0.016511,12.957988,0.015683,0.074797,2369958.000000,16.155282,29.753070,0.016785
16,5,56,52,62,-173.000000,0.910392,4.978490,0.015852,4.354512,0.018131,3.043200,0.020153,14.238880,0.017560,0.082160,2348847.000000,17.035953,29.869367,0.003722
16,5,56,52,63,-168.000000,0.913363,5.387255,0.016303,4.741492,0.021159,3.330273,0.025984,15.458269,0.020691,0.096044,2548142.000000,17.624152,29.791792,0.003000
16,5,56,52,64,-163.000000,0.947703,5.856790,0.016034,5.357755,0.023005,3.908534,0.029590,17.437404,0.022700,0.101272,2904963.000000,18.727173,29.860348,-0.008537
16,5,57,55,62,-173.000000,0.832303,2.527486,0.022688,1.954972,0.025759,1.224179,0.028237,6.608757,0.024121,0.130220,1098978.000000,11.000348,29.824760,0.015733
16,5,57,55,63,-168.000000,0.837659,2.814209,0.020837,2.206766,0.024694,1.397012,0.028109,7.405823,0.023434,0.124226,1121962.000000,11.154571,29.736877,-0.042906
16,5,57,55,64,-163.000000,0.852969,3.113882,0.018954,2.499910,0.023004,1.616870,0.026653,8.344212,0.022016,0.113620,1481121.000000,11.370759,29.727485,-0.027973
16,5,57,55,65,-158.000000,0.864203,3.404418,0.017516,2.781834,0.021568,1.827965,0.025319,9.242907,0.020739,0.104865,1632987.000000,11.398912,29.768074,0.058278
16,5,57,55,66,-153.000000,0.880332,3.710204,0.014910,3.099899,0.017097,2.079685,0.018962,10.261108,0.016393,0.080881,1773082.000000,11.562012,29.764256,0.044609
16,5,57,55,67,-148.000000,0.878696,3.957602,0.012734,3.311835,0.012383,2.222319,0.011758,10.924984,0.011698,0.057508,1969373.000000,11.409480,29.784846,0.022197
16,5,57,55,68,-143.000000,0.871587,4.214167,0.012851,3.509988,0.012327,2.340994,0.011536,11.539111,0.011673,0.057539,2085224.000000,11.560996,29.679411,0.019851
16,5,57,55,69,-138.000000,0.868227,4.499153,0.013138,3.744517,0.012179,2.492370,0.010971,12.271965,0.011548,0.056861,2145957.000000,11.663450,29.776551,0.025604
16,5,57,55,70,-133.000000,0.858250,4.805265,0.014851,3.966045,0.015336,2.614433,0.015576,12.956303,0.014727,0.072983,2413823.000000,11.868464,29.782141,0.017322
16,5,57,55,71,-128.000000,0.865882,5.212779,0.015635,4.352752,0.017768,2.899602,0.019670,14.180049,0.017260,0.084408,2616700.000000,12.077598,29.818719,0.017224
16,5,58,55,62,-173.000000,0.964391,2.525230,0.017877,2.235718,0.015244,1.609761,0.011935,7.650746,0.013316,0.063286,1300625.000000,13.426417,29.923422,0.075994
16,5,58,55,63,-168.000000,0.944200,2.750949,0.017753,2.406126,0.016372,1.705823,0.014349,8.160120,0.014702,0.070329,1379352.000000,13.763259,29.860385,0.123681
16,5,58,55,64,-163.000000,0.934822,3.013603,0.017957,2.629643,0.017093,1.854523,0.015682,8.850439,0.015652,0.074699,1470639.000000,14.327944,29.879828,0.082635
16,5,58,55,65,-158.000000,0.922940,3.292095,0.016513,2.855604,0.017091,1.996645,0.017242,9.545434,0.015979,0.076390,1733205.000000,14.609601,29.856636,0.107359
16,5,58,55,66,-153.000000,0.928444,3.557216,0.014902,3.117688,0.016951,2.198782,0.018681,10.375666,0.016139,0.076159,1773544.000000,14.926497,29.858151,0.109213
16,5,58,55,67,-148.000000,0.934392,3.822207,0.012700,3.384072,0.014491,2.407392,0.016026,11.220003,0.013853,0.064564,2036252.000000,15.064684,29.890631,0.093393
16,5,58,55,68,-143.000000,0.939342,4.042650,0.011508,3.608074,0.014467,2.584592,0.017272,11.929980,0.013986,0.064555,2313614.000000,15.410433,29.779366,0.100448
16,5,58,55,69,-138.000000,0.956878,4.287418,0.012091,3.906042,0.016051,2.853808,0.019838,12.888494,0.015620,0.070544,2546806.000000,15.745554,29.876318,-0.046773
16,5,58,55,70,-133.000000,0.973080,4.561035,0.012400,4.235048,0.016747,3.150735,0.020959,13.943176,0.016338,0.072304,2853111.000000,16.313340,29.794541,-0.001360
16,5,58,55,71,-128.000000,0.994789,4.852965,0.014636,4.615307,0.018002,3.514164,0.021108,15.166597,0.017463,0.075369,3155435.000000,16.842862,29.867998,-0.010340
16,5,58,55,72,-123.000000,1.001897,5.271319,0.015873,5.065901,0.017789,3.892513,0.019440,16.591749,0.017179,0.073225,3498576.000000,17.654563,29.706661,-0.023751
16,5,61,57,72,-123.000000,0.886781,2.910752,0.020206,2.412440,0.020155,1.615178,0.019521,8.109076,0.018654,0.093652,1473725.000000,11.004061,29.602270,-0.037371
16,5,61,57,73,-118.000000,0.880529,3.204827,0.017896,2.655556,0.016434,1.772829,0.014496,8.865397,0.015156,0.075792,1465248.000000,11.162963,29.860624,0.037669
16,5,61,57,74,-113.000000,0.863564,3.484283,0.016059,2.848863,0.012905,1.872163,0.009317,9.452739,0.011766,0.059406,1520593.000000,11.543709,29.805003,-0.014989
16,5,61,57,75,-108.000000,0.843687,3.764379,0.015413,3.023203,0.011804,1.947264,0.007794,9.977566,0.010793,0.055300,1612384.000000,11.724806,29.792545,-0.016441
16,5,61,57,76,-103.000000,0.824622,4.064487,0.015244,3.205737,0.011081,2.023927,0.006572,10.529570,0.010161,0.052863,1607708.000000,11.545328,29.864748,0.026192
16,5,61,57,77,-98.000000,0.802132,4.383967,0.015013,3.378442,0.010098,2.080268,0.004855,11.047475,0.009251,0.049130,1644340.000000,11.623631,29.929350,0.016048
16,5,61,57,78,-93.000000,0.778586,4.722650,0.016605,3.546899,0.012658,2.124917,0.008341,11.551604,0.011870,0.064527,1779341.000000,11.923638,29.912146,0.021587
16,5,61,57,79,-88.000000,0.764867,5.168183,0.017241,3.827426,0.014659,2.257504,0.011746,12.418630,0.013963,0.076813,1981513.000000,12.166957,29.901886,0.031627
16,5,62,57,72,-123.000000,0.901073,2.863402,0.018562,2.405893,0.024247,1.634429,0.029662,8.105733,0.023187,0.114995,1463145.000000,13.758737,29.710640,0.127680
16,5,62,57,73,-118.000000,0.920142,3.129158,0.017852,2.697574,0.021788,1.876830,0.025305,9.045492,0.020793,0.100213,1579686.000000,14.243105,29.863447,-0.016038
16,5,62,57,74,-113.000000,0.928932,3.422020,0.017560,2.993640,0.020287,2.109354,0.022630,9.986567,0.019310,0.091422,1617986.000000,15.001779,29.880412,-0.013429
16,5,62,57,75,-108.000000,0.936468,3.730079,0.017195,3.304900,0.019165,2.354171,0.020763,10.973897,0.018250,0.085071,1858321.000000,15.401331,29.812703,0.000850
16,5,62,57,76,-103.000000,0.939184,4.063426,0.016469,3.627012,0.017433,2.598154,0.018052,11.989278,0.016583,0.076521,2089594.000000,15.363128,29.856600,0.026331
16,5,62,57,77,-98.000000,0.937869,4.399277,0.015268,3.937182,0.015756,2.823203,0.015943,12.962039,0.015009,0.068912,2164101.000000,15.855127,29.955254,0.019254
16,5,65,62,78,-93.000000,0.974889,2.609877,0.014834,2.340382,0.011938,1.705574,0.008484,7.993285,0.010314,0.048336,1342912.000000,15.466295,29.902024,0.027688
16,5,65,62,79,-88.000000,0.954377,2.803452,0.014629,2.480084,0.013431,1.777925,0.011696,8.405491,0.012055,0.056992,1465078.000000,15.905642,29.903409,0.100854
16,5,65,62,80,-83.000000,0.949300,3.019994,0.016205,2.673486,0.017947,1.913518,0.019274,9.006565,0.016800,0.079075,1516263.000000,16.757048,29.872256,-0.039178
16,5,65,62,81,-78.000000,0.958806,3.292838,0.016800,2.959907,0.020535,2.146746,0.023934,9.918612,0.019594,0.090529,1624016.000000,17.660748,29.886965,-0.019710
16,5,65,62,82,-73.000000,0.975459,3.573183,0.017017,3.281295,0.021581,2.427325,0.025839,10.950000,0.020749,0.093602,1815195.000000,17.791551,29.933009,-0.011961
16,5,65,62,83,-68.000000,0.994745,3.900899,0.017819,3.668048,0.023091,2.773950,0.028093,12.190636,0.022313,0.098056,2171370.000000,18.422177,30.004290,-0.005944
16,5,65,62,84,-63.000000,1.019451,4.268285,0.016833,4.128277,0.020569,3.206608,0.023957,13.670037,0.019835,0.084559,2415769.000000,19.034988,30.029180,-0.006713
16,5,65,62,85,-58.000000,1.026866,4.619388,0.015201,4.517207,0.017220,3.542151,0.018946,14.902127,0.016536,0.069567,2772522.000000,19.650494,30.000930,-0.005520
16,5,67,61,80,-83.000000,0.809418,2.677865,0.014515,2.026914,0.012344,1.239090,0.009732,6.809440,0.011138,0.061210,1015036.000000,11.103507,29.826613,-0.054323
16,5,67,61,81,-78.000000,0.796676,2.872214,0.016194,2.152017,0.016376,1.299382,0.016124,7.188666,0.015271,0.084488,1078188.000000,11.166822,29.922681,-0.032671
16,5,67,61,82,-73.000000,0.800813,3.143004,0.017179,2.379333,0.018935,1.448608,0.020314,7.907256,0.017990,0.098199,1132301.000000,11.118140,29.964168,-0.021270
16,5,67,61,83,-68.000000,0.803312,3.412157,0.016730,2.602542,0.019241,1.593656,0.021453,8.611191,0.018433,0.099599,1341100.000000,11.235554,30.040660,0.018665
16,5,67,61,84,-63.000000,0.813766,3.713844,0.015125,2.880087,0.017803,1.790499,0.020211,9.494520,0.017161,0.091002,1502963.000000,11.382025,30.038333,0.012406
16,5,67,61,85,-58.000000,0.820277,3.973877,0.013087,3.115284,0.015100,1.955535,0.016879,10.240586,0.014571,0.076303,1620206.000000,11.482322,30.044617,0.009165
16,5,68,61,80,-83.000000,0.815508,2.972511,0.015528,2.281385,0.029908,1.410648,0.045183,7.615557,0.029753,0.160623,1165585.000000,13.847289,29.880311,0.121148
16,5,68,61,81,-78.000000,0.869332,3.203294,0.014583,2.622542,0.025310,1.729332,0.035800,8.748470,0.025060,0.126773,1435217.000000,14.369834,29.929575,0.078510
16,5,68,61,82,-73.000000,0.907635,3.439649,0.014314,2.945158,0.022111,2.029746,0.029693,9.807887,0.021696,0.104837,1681810.000000,14.286888,29.996038,0.012160
16,5,68,61,83,-68.000000,0.936799,3.695635,0.014754,3.273734,0.018575,2.332019,0.022041,10.876404,0.017926,0.083605,1821900.000000,14.645389,29.923744,0.078499
16,5,68,61,84,-63.000000,0.939179,3.984920,0.014514,3.553263,0.016259,2.543742,0.017724,11.757581,0.015537,0.071815,2048761.000000,14.994548,29.941636,0.056537
16,5,68,61,85,-58.000000,0.946081,4.273998,0.013959,3.851466,0.014391,2.782867,0.014536,12.703184,0.013693,0.062505,2261776.000000,15.329551,29.949039,0.081907
16,5,68,61,86,-53.000000,0.937733,4.581515,0.014043,4.107528,0.013730,2.948273,0.013130,13.497024,0.013033,0.059665,2435459.000000,15.482559,29.982999,0.085308
16,5,68,61,87,-48.000000,0.936163,4.917399,0.013898,4.415409,0.013687,3.169967,0.013222,14.462278,0.013063,0.059595,2609037.000000,16.607112,30.020248,0.021311
16,5,68,61,88,-43.000000,0.930225,5.264932,0.014046,4.711874,0.014638,3.367420,0.015005,15.386179,0.014079,0.064327,2859954.000000,16.727257,29.997905,-0.010424
16,5,68,61,89,-38.000000,0.935673,5.656887,0.015531,5.105114,0.016095,3.675235,0.016420,16.628432,0.015530,0.070263,3431808.000000,17.174713,30.053052,0.021197
16,5,68,61,90,-33.000000,0.930996,6.143480,0.016858,5.533546,0.018586,3.970893,0.020121,17.968505,0.018048,0.081669,3255902.000000,17.768189,30.017578,-0.046185
16,5,68,61,91,-28.000000,0.945124,6.692538,0.017772,6.133580,0.020500,4.474220,0.023011,19.871439,0.020018,0.088904,3901668.000000,18.830848,30.036150,0.011992
16,5,68,61,92,-23.000000,0.952657,7.332877,0.018940,6.790957,0.022652,5.000474,0.026229,21.946287,0.022194,0.097406,4185590.000000,19.417595,30.092289,-0.022448
16,5,68,61,93,-18.000000,0.974544,8.081412,0.018685,7.671875,0.024495,5.785781,0.030217,24.742211,0.024140,0.103231,4660536.000000,20.579155,30.039105,-0.011971
16,5,68,61,94,-13.000000,1.004975,8.842896,0.017222,8.670148,0.023028,6.748747,0.028538,27.918991,0.022757,0.094144,5297792.000000,21.706050,30.074036,-0.025314
16,5,69,67,86,-53.000000,0.887406,2.210623,0.017054,1.792724,0.008012,1.184303,-0.001526,6.162926,0.005543,0.028844,909307.000000,10.379578,30.039936,0.027895
16,5,69,67,87,-48.000000,0.840343,2.399125,0.014987,1.864541,0.007409,1.175266,-0.000986,6.333726,0.005375,0.028968,1088601.000000,10.734378,30.075690,0.010491
16,5,69,67,88,-43.000000,0.805426,2.570181,0.015048,1.930876,0.009217,1.172711,0.002712,6.503382,0.007584,0.042060,1019032.000000,10.791573,29.910273,-0.123917
16,5,69,67,89,-38.000000,0.780038,2.785878,0.015256,2.042514,0.009487,1.207067,0.003221,6.826965,0.008059,0.045583,1076237.000000,10.804779,29.931534,-0.091768
16,5,69,67,90,-33.000000,0.749609,2.995202,0.015818,2.124642,0.013970,1.211585,0.011581,7.053596,0.012855,0.074842,1084899.000000,10.897317,29.959504,-0.067395
16,5,69,67,91,-28.000000,0.755210,3.259654,0.017984,2.339328,0.020368,1.347385,0.022409,7.733737,0.019505,0.111953,1218603.000000,11.124009,29.962961,-0.060781
16,5,69,67,92,-23.000000,0.760981,3.581402,0.019239,2.601106,0.024680,1.513518,0.029988,8.562035,0.023963,0.135560,1324239.000000,11.027788,30.012556,-0.067089
16,5,69,67,93,-18.000000,0.788825,3.948671,0.018602,2.981275,0.025504,1.801252,0.031948,9.785464,0.025005,0.135842,1491730.000000,11.306603,29.934345,-0.031104
16,5,70,67,86,-53.000000,0.749299,2.154801,0.018608,1.494102,0.041794,0.840045,0.067543,5.072382,0.042047,0.253890,759370.000000,12.453783,30.103168,0.098478
16,5,70,67,87,-48.000000,0.829637,2.355288,0.017281,1.806324,0.031699,1.123742,0.045466,6.138779,0.031452,0.171816,1181650.000000,13.019169,29.932592,-0.115815
16,5,70,67,88,-43.000000,0.870152,2.561817,0.016447,2.066682,0.026906,1.350964,0.037271,7.003146,0.026390,0.136799,1325336.000000,13.046345,29.947512,-0.235858
16,5,70,67,89,-38.000000,0.915611,2.776621,0.016826,2.362394,0.020522,1.627263,0.023601,7.986883,0.019511,0.095763,1446641.000000,13.219816,29.977470,-0.199781
16,5,70,67,90,-33.000000,0.899698,3.029010,0.016240,2.551485,0.017427,1.735022,0.018203,8.561454,0.016288,0.080371,1595304.000000,13.610074,29.982700,-0.172145
16,5,70,67,91,-28.000000,0.913614,3.268528,0.015668,2.807048,0.019533,1.943088,0.023090,9.381344,0.018727,0.090414,1677063.000000,14.054418,30.041782,-0.151081
16,5,70,67,92,-23.000000,0.927505,3.541121,0.015905,3.099794,0.019802,2.183673,0.023409,10.318274,0.019040,0.089967,1829535.000000,14.251670,30.091807,-0.138981
16,5,70,67,93,-18.000000,0.942531,3.831729,0.015524,3.420877,0.021432,2.454264,0.027229,11.345928,0.020851,0.096394,1979295.000000,14.907011,30.011224,-0.115131
16,5,70,67,94,-13.000000,0.976180,4.135970,0.014712,3.832953,0.021502,2.851942,0.027888,12.684032,0.021099,0.093838,2185630.000000,15.462582,30.079845,-0.087076
16,5,73,69,94,-13.000000,0.815534,2.057477,0.019026,1.535211,0.014995,0.932751,0.010229,5.271411,0.012760,0.072115,742935.000000,10.458217,30.006950,-0.026740
16,5,73,69,95,-8.000000,0.792205,2.253202,0.015705,1.650316,0.012712,0.980458,0.009073,5.607736,0.011024,0.063052,848737.000000,10.415886,29.946899,-0.040272
16,5,73,69,96,-3.000000,0.777461,2.411338,0.012420,1.745006,0.013764,1.021707,0.014796,5.889609,0.012835,0.073990,921460.000000,10.492629,30.009721,-0.109254
16,5,73,69,97,2.000000,0.793529,2.552681,0.011355,1.890494,0.016801,1.131629,0.022123,6.363692,0.016341,0.091891,1068812.000000,10.345290,30.049223,-0.135465
16,5,73,69,98,7.000000,0.816571,2.701197,0.010558,2.062624,0.018696,1.272056,0.026947,6.929468,0.018514,0.100853,1161839.000000,10.413036,30.067934,-0.142850
16,5,73,69,99,12.000000,0.857678,2.837883,0.010583,2.276125,0.020137,1.474406,0.029674,7.646600,0.020053,0.104002,1490211.000000,10.484764,36.417739,-0.030354
16,5,73,69,100,17.000000,0.897485,3.001517,0.011592,2.520959,0.019939,1.709570,0.028158,8.462875,0.019698,0.097512,1692673.000000,10.610520,36.381976,-0.029097
16,5,73,69,101,22.000000,0.930573,3.185806,0.013196,2.778786,0.018628,1.955785,0.023751,9.313639,0.018078,0.086090,1855681.000000,10.743674,36.385547,-0.011304
16,5,73,69,102,27.000000,0.943844,3.421927,0.013659,3.038589,0.015035,2.174079,0.016070,10.146607,0.014229,0.066408,1957028.000000,10.779861,36.384700,-0.003384
16,5,73,69,103,32.000000,0.937308,3.653218,0.013033,3.235652,0.012761,2.305166,0.012161,10.757407,0.011935,0.055697,2025103.000000,10.922976,36.463076,0.000184
16,5,73,69,104,37.000000,0.933404,3.898038,0.012561,3.451475,0.012506,2.454421,0.012162,11.430513,0.011777,0.054848,2352264.000000,11.053843,36.384700,-0.002654
16,5,74,69,94,-13.000000,0.785506,2.216916,0.018154,1.608988,0.027784,0.947445,0.037499,5.470774,0.026917,0.155427,823992.000000,12.525056,29.996419,-0.034246
16,5,74,69,95,-8.000000,0.817062,2.418142,0.017339,1.832505,0.022958,1.125088,0.028077,6.207068,0.021991,0.121325,960865.000000,12.723011,30.070117,0.136637
16,5,74,69,96,-3.000000,0.825394,2.636193,0.017071,2.029695,0.022368,1.263339,0.027419,6.835786,0.021431,0.115959,1254024.000000,12.625019,30.166270,-0.134556
16,5,74,69,97,2.000000,0.851445,2.868161,0.016226,2.286504,0.025044,1.471478,0.033839,7.672026,0.024491,0.127692,1411470.000000,12.578374,30.136637,-0.224680
16,5,74,69,98,7.000000,0.894376,3.101595,0.016182,2.602329,0.023598,1.761269,0.030620,8.714749,0.022991,0.113758,1595467.000000,12.819243,30.138079,-0.172619
16,5,74,69,99,12.000000,0.913887,3.370050,0.016181,2.900612,0.024303,2.010782,0.032462,9.675619,0.023753,0.114298,1911426.000000,13.409333,36.477117,-0.055869
16,5,74,69,100,17.000000,0.961239,3.646916,0.015754,3.307271,0.025476,2.414019,0.035037,11.013037,0.025090,0.114462,2440704.000000,13.915767,36.439228,-0.067018
16,5,74,69,101,22.000000,1.003746,3.944599,0.015964,3.743163,0.023025,2.856583,0.029771,12.438747,0.022486,0.097916,2436468.000000,14.221443,36.472394,-0.041465
16,5,74,69,102,27.000000,1.027882,4.276644,0.016373,4.169148,0.021368,3.264467,0.026096,13.810075,0.020714,0.087629,2913754.000000,14.576662,36.440069,-0.036357
16,5,74,69,103,32.000000,1.048471,4.644799,0.015852,4.634028,0.020064,3.708491,0.023946,15.299360,0.019469,0.080318,3229675.000000,15.027490,36.502785,-0.020288
16,5,75,70,95,-8.000000,0.968960,2.256440,0.011273,1.984915,0.007399,1.425725,0.003021,6.868782,0.005769,0.027795,1139649.000000,14.898065,29.978956,0.051985
16,5,75,70,96,-3.000000,0.943720,2.383621,0.012866,2.058346,0.010649,1.447262,0.007831,7.066925,0.009088,0.044376,1245697.000000,14.979999,30.088265,0.028862
16,5,75,70,97,2.000000,0.932783,2.563117,0.015632,2.204110,0.018136,1.539061,0.020244,7.511018,0.016875,0.082354,1253308.000000,14.828980,30.139851,-0.185225
16,5,75,70,98,7.000000,0.952821,2.784283,0.016764,2.458093,0.020781,1.758833,0.024353,8.334405,0.019696,0.093330,1330824.000000,15.319150,30.147700,-0.162916
16,5,75,70,99,12.000000,0.961540,3.029869,0.017610,2.714929,0.021785,1.967392,0.025600,9.152532,0.020709,0.096341,2055026.000000,16.715883,36.483746,0.004023
16,5,75,70,100,17.000000,0.981437,3.317835,0.017999,3.049539,0.024695,2.262488,0.031184,10.229802,0.023855,0.107862,2421261.000000,17.426823,36.499357,-0.039570
16,5,75,70,101,22.000000,1.017393,3.627045,0.017356,3.468000,0.022823,2.672934,0.027877,11.592891,0.022027,0.095535,2470234.000000,18.017452,36.524895,0.033289
16,5,75,70,102,27.000000,1.030838,3.947352,0.016853,3.841040,0.019334,3.007630,0.021442,12.783397,0.018436,0.078357,2649312.000000,18.749363,36.453779,0.026701
16,5,75,70,103,32.000000,1.034481,4.292291,0.017038,4.210637,0.019232,3.317822,0.021095,13.949592,0.018369,0.077233,3021009.000000,19.690921,36.537087,0.006023
16,5,75,70,104,37.000000,1.044047,4.678653,0.017874,4.650812,0.021141,3.707509,0.024116,15.345851,0.020361,0.084277,3435709.000000,20.506659,36.472221,0.018836
16,5,75,70,105,42.000000,1.059728,5.128560,0.018849,5.193874,0.023365,4.211926,0.027636,17.074170,0.022660,0.091858,4171190.000000,21.288135,36.473579,0.013190
16,5,75,70,106,47.000000,1.083421,5.645329,0.018308,5.864370,0.022867,4.871503,0.027079,19.214830,0.022281,0.087885,4650551.000000,22.362262,36.503162,0.006252
16,5,88,74,104,37.000000,1.068710,2.564153,0.018016,2.495230,0.020150,1.980579,0.021668,8.609019,0.018412,0.080033,1810545.000000,14.249121,36.457472,0.005656
16,5,88,74,105,42.000000,1.070651,2.795138,0.017648,2.746619,0.017459,2.195151,0.016650,9.401580,0.015746,0.067438,2042888.000000,14.671250,36.502586,-0.026235
16,5,88,74,106,47.000000,1.050409,3.057433,0.018008,2.974772,0.017066,2.346077,0.015492,10.089395,0.015409,0.066265,2230881.000000,15.049496,36.478612,-0.070406
16,5,88,74,107,52.000000,1.042368,3.345720,0.018389,3.254299,0.017954,2.558595,0.016968,10.956211,0.016507,0.070687,2277393.000000,15.521191,36.449799,-0.048050
16,5,88,74,108,57.000000,1.031196,3.672672,0.019028,3.559045,0.018555,2.780215,0.017559,11.897981,0.017216,0.073676,2569346.000000,15.978848,36.519295,-0.040360
16,5,88,74,109,62.000000,1.023469,4.044561,0.019576,3.914691,0.021424,3.046777,0.022866,13.004572,0.020320,0.086731,3051645.000000,16.636099,36.559500,-0.016095
16,5,88,74,110,67.000000,1.036717,4.464453,0.018810,4.397724,0.021967,3.476879,0.024741,14.540468,0.021126,0.088349,3441303.000000,17.561500,36.515600,0.009441
16,5,89,74,104,37.000000,0.997023,2.586918,0.022156,2.365890,0.023252,1.760212,0.023582,8.102845,0.021185,0.097520,1590390.000000,16.722003,36.453771,0.063345
16,5,89,74,105,42.000000,0.992662,2.873500,0.021457,2.640950,0.023912,1.967762,0.025767,8.961120,0.022230,0.101235,1835054.000000,17.419695,36.524974,0.036903
16,5,89,74,106,47.000000,1.003064,3.203492,0.021493,2.997388,0.024209,2.267245,0.026356,10.094902,0.022762,0.101347,2041376.000000,18.158324,36.515344,0.062640
16,5,89,74,107,52.000000,1.006122,3.562014,0.021540,3.366583,0.024000,2.565320,0.025956,11.258902,0.022676,0.099523,2495242.000000,18.875405,36.505393,0.048856
16,5,89,74,108,57.000000,1.013911,3.970745,0.021179,3.805367,0.022672,2.933106,0.023678,12.647992,0.021475,0.092603,2877495.000000,19.707490,36.476964,0.070929
16,5,89,74,109,62.000000,1.010318,4.402971,0.019633,4.229347,0.020049,3.259826,0.020045,13.975060,0.018992,0.081420,3360740.000000,20.714796,36.539559,0.059654
16,5,90,73,105,42.000000,1.059388,2.121373,0.017335,2.006510,0.015263,1.558628,0.012347,7.060284,0.012728,0.057657,1389049.000000,10.138329,36.434087,0.031294
16,5,90,73,106,47.000000,1.036932,2.305248,0.015297,2.159639,0.013197,1.654849,0.010376,7.509615,0.011110,0.050415,1609897.000000,10.186809,36.430034,0.029724
16,5,90,73,107,52.000000,1.015730,2.474004,0.014840,2.291514,0.012629,1.730340,0.009763,7.894574,0.010807,0.049306,1711017.000000,10.257322,36.443280,0.049913
16,5,90,73,108,57.000000,0.996093,2.672392,0.015482,2.449024,0.013377,1.823782,0.010656,8.362769,0.011701,0.053655,1766872.000000,10.254118,36.419936,-0.024436
16,5,90,73,109,62.000000,0.978069,2.887737,0.016207,2.619113,0.015916,1.924683,0.015078,8.873131,0.014487,0.066787,1937942.000000,10.325498,36.446423,-0.025477
16,5,90,73,110,67.000000,0.977940,3.140396,0.017317,2.865881,0.019347,2.113990,0.020936,9.648207,0.018157,0.082866,2152575.000000,10.568985,36.386012,-0.022050
16,5,90,73,111,72.000000,0.985565,3.431550,0.019513,3.173563,0.022703,2.367259,0.025460,10.624910,0.021546,0.096706,2450088.000000,10.713866,36.379958,-0.013004
16,5,90,73,112,77.000000,0.997329,3.810000,0.020658,3.586365,0.024633,2.716694,0.028212,11.937493,0.023570,0.103570,2826665.000000,10.860059,36.397371,0.036673
16,5,90,73,113,82.000000,1.013987,4.218636,0.020714,4.056993,0.025209,3.133702,0.029349,13.438602,0.024271,0.104085,3368239.000000,11.092627,36.442521,-0.021127
16,5,90,73,114,87.000000,1.032927,4.683838,0.020745,4.609095,0.024382,3.636399,0.027638,15.199220,0.023494,0.098200,3874687.000000,11.281383,36.444410,0.008238
16,5,90,73,115,92.000000,1.043156,5.190312,0.020223,5.180783,0.022813,4.138727,0.025062,17.009548,0.021982,0.090341,4299180.000000,11.502590,36.448673,0.011922
16,5,90,73,116,97.000000,1.051408,5.733469,0.018947,5.790980,0.021074,4.673655,0.022891,18.938192,0.020368,0.082533,4795543.000000,11.729483,36.417274,0.021084
16,5,91,73,105,42.000000,1.017335,2.175849,0.012123,1.991461,0.015911,1.493018,0.019383,6.954127,0.014830,0.069074,1397123.000000,12.211631,36.398191,-0.029358
16,5,91,73,106,47.000000,1.030316,2.307741,0.013164,2.149891,0.016464,1.637717,0.019349,7.469770,0.015296,0.069764,1582298.000000,12.427181,36.424572,-0.026256
16,5,91,73,107,52.000000,1.039363,2.479644,0.014323,2.345421,0.017359,1.809897,0.019957,8.096670,0.016120,0.072113,1679577.000000,12.698362,36.427699,-0.081571
16,5,91,73,108,57.000000,1.048912,2.662904,0.015275,2.557042,0.017621,1.998910,0.019480,8.774941,0.016315,0.071621,1998533.000000,12.951124,36.427944,-0.093198
16,5,91,73,109,62.000000,1.050773,2.886405,0.017518,2.796009,0.019501,2.199287,0.020954,9.528311,0.018059,0.078240,2235556.000000,13.277644,36.486629,-0.072748
16,5,91,73,110,67.000000,1.054389,3.168538,0.018407,3.102292,0.020077,2.459746,0.021218,10.495660,0.018689,0.079743,2388882.000000,13.826409,36.423319,-0.067814
16,5,91,73,111,72.000000,1.054088,3.469650,0.018971,3.418871,0.020815,2.721194,0.022172,11.489795,0.019523,0.082432,2696483.000000,14.285944,36.420985,-0.057311
16,5,91,73,112,77.000000,1.059615,3.826755,0.020248,3.813937,0.022425,3.063091,0.024127,12.738807,0.021207,0.088196,3061643.000000,14.804467,36.456991,0.050680
16,5,91,73,113,82.000000,1.064261,4.244480,0.020331,4.274165,0.022967,3.460231,0.025194,14.191310,0.021893,0.089787,3506854.000000,15.418584,36.465954,-0.014807
16,5,91,73,114,87.000000,1.075511,4.689702,0.018987,4.795593,0.021746,3.934848,0.024124,15.845653,0.020881,0.084087,3915013.000000,15.841310,36.430644,0.034591
16,5,96,88,111,72.000000,1.018660,2.468737,0.027361,2.292118,0.029392,1.735248,0.030441,7.900488,0.026684,0.121492,1758215.000000,17.184062,36.479068,-0.028878
16,5,96,88,112,77.000000,1.015628,2.806471,0.025341,2.628970,0.027752,1.999365,0.029389,8.954582,0.025625,0.114767,2004396.000000,18.059879,36.481906,0.083109
16,5,96,88,113,82.000000,1.020523,3.179939,0.024710,3.021699,0.027401,2.322831,0.029424,10.195096,0.025642,0.112546,2347331.000000,19.078451,36.470959,-0.047427
16,5,96,88,114,87.000000,1.025118,3.592241,0.023610,3.456954,0.026821,2.682826,0.029498,11.568826,0.025384,0.109462,2684474.000000,19.956028,36.446565,0.029606
16,5,96,88,115,92.000000,1.037713,4.028061,0.023089,3.948878,0.027121,3.114202,0.030703,13.131767,0.025930,0.109339,3100504.000000,21.215923,36.490181,0.048450
16,5,96,88,116,97.000000,1.053964,4.522290,0.022804,4.527941,0.027151,3.638966,0.031101,14.973864,0.026121,0.107485,3417868.000000,22.582097,36.471428,0.014869
16,5,96,88,117,102.000000,1.072274,5.059335,0.021230,5.178249,0.025117,4.245957,0.028591,17.043115,0.024283,0.097469,4224990.000000,24.325740,36.533708,-0.016728
16,5,98,91,115,92.000000,1.069824,2.816061,0.020005,2.767073,0.022064,2.210819,0.023484,9.464646,0.020310,0.086948,2308278.000000,15.437530,36.470931,0.104498
16,5,98,91,116,97.000000,1.071309,3.097734,0.018191,3.072330,0.020072,2.470413,0.021423,10.425781,0.018648,0.078701,2452723.000000,16.068378,36.462920,0.066815
16,5,98,91,117,102.000000,1.074566,3.379560,0.017876,3.383761,0.018778,2.740061,0.019167,11.408884,0.017451,0.072660,2797085.000000,16.848740,36.472032,0.067822
16,5,98,91,118,107.000000,1.067663,3.701880,0.018813,3.707735,0.018563,2.995596,0.017793,12.416707,0.017222,0.071383,3052990.000000,17.832846,36.518318,-0.002654
16,5,98,91,119,112.000000,1.057951,4.076008,0.018559,4.072022,0.017699,3.273075,0.016364,13.547232,0.016485,0.068230,3497136.000000,18.557132,36.518897,-0.003958
16,5,98,91,120,117.000000,1.045949,4.458359,0.019215,4.428442,0.017074,3.531201,0.014483,14.649932,0.015893,0.065937,3651738.000000,19.824143,36.487540,0.057798
16,5,98,91,121,122.000000,1.024461,4.932695,0.019232,4.828126,0.016556,3.784495,0.013386,15.875582,0.015441,0.064772,3984921.000000,21.212964,36.568224,0.056087
16,5,100,90,117,102.000000,1.063491,3.404524,0.020806,3.377964,0.020554,2.709327,0.019683,11.374706,0.018952,0.079568,2847203.000000,10.621368,36.402120,0.032196
16,5,100,90,118,107.000000,1.054561,3.758704,0.021057,3.725124,0.020660,2.975971,0.019694,12.452588,0.019197,0.080326,3296553.000000,10.941076,36.386302,-0.004613
16,5,100,90,119,112.000000,1.044231,4.196000,0.022056,4.147585,0.021527,3.295407,0.020462,13.765174,0.020176,0.084277,3621714.000000,11.100984,36.461213,0.033066
16,5,100,90,120,117.000000,1.034936,4.684171,0.023514,4.617958,0.022896,3.650275,0.021771,15.229864,0.021635,0.090269,4025938.000000,11.395027,36.439650,0.003631
16,5,100,90,121,122.000000,1.025105,5.297448,0.023154,5.204928,0.022554,4.090116,0.021507,17.060230,0.021458,0.089502,4527004.000000,11.734443,36.519295,0.029590
16,5,101,90,117,102.000000,1.031603,3.042985,0.021277,2.910772,0.025000,2.255988,0.028193,9.861937,0.023471,0.102602,2438532.000000,13.652182,36.450971,0.059487
16,5,101,90,118,107.000000,1.041830,3.366715,0.021911,3.274614,0.023916,2.574007,0.025321,11.019277,0.022411,0.095942,2747471.000000,14.374281,36.447377,0.056128
16,5,101,90,119,112.000000,1.038237,3.780677,0.023245,3.693912,0.024156,2.907762,0.024483,12.331503,0.022662,0.096109,3184352.000000,14.801146,36.492725,0.050426
16,5,101,90,120,117.000000,1.035698,4.245539,0.025005,4.166900,0.024255,3.285904,0.022930,13.813887,0.022776,0.095751,3499929.000000,15.632697,36.512912,0.043552
16,5,101,90,121,122.000000,1.017445,4.842254,0.024646,4.704575,0.022858,3.661207,0.020502,15.477778,0.021500,0.090893,3950349.000000,16.588207,36.550215,0.048302
16,5,116,110,126,147.000000,1.034023,4.798584,0.018610,4.732392,0.019087,3.740171,0.019191,15.588095,0.018167,0.075716,3867226.000000,16.325617,36.581565,0.028738
16,5,116,110,127,152.000000,1.031927,5.245098,0.010836,5.184035,0.011144,4.099052,0.011254,17.004055,0.010657,0.044209,4394533.000000,17.259676,36.636127,-0.000444
16,5,116,110,128,157.000000,1.031994,5.366957,0.000042,5.310113,-0.000097,4.201494,-0.000239,17.400234,-0.000105,-0.000435,4879571.000000,18.140007,36.675608,0.002616
16,5,116,110,129,162.000000,1.030372,5.247364,-0.004558,5.178900,-0.005067,4.089027,-0.005501,16.985760,-0.004880,-0.020273,4064074.000000,16.363384,30.303541,-0.045474
16,5,131,126,133,182.000000,0.881577,3.016922,0.021394,2.492865,0.025720,1.662141,0.029628,8.355532,0.024457,0.122944,1838028.000000,10.449455,36.685270,0.038321
16,5,131,126,134,187.000000,0.893772,3.339646,0.020127,2.813451,0.024381,1.908370,0.028251,9.377279,0.023345,0.114709,1944858.000000,10.641969,36.656423,-0.001186
16,5,131,126,135,192.000000,0.909832,3.689093,0.019860,3.178808,0.026291,2.201281,0.032528,10.544612,0.025477,0.122042,2345452.000000,10.748995,36.599598,-0.017474
16,5,131,126,136,197.000000,0.942959,4.072306,0.018820,3.649200,0.025781,2.624405,0.032245,12.063773,0.025185,0.115772,2656017.000000,10.849972,36.600464,-0.013948
16,5,145,139,139,212.000000,0.983391,2.725516,0.021574,2.472715,0.020255,1.821128,0.018182,8.420246,0.018222,0.084250,1977465.000000,12.978869,36.656884,0.078019
16,5,145,139,140,217.000000,0.968512,3.019517,0.019727,2.723139,0.021055,1.986686,0.021832,9.187395,0.019544,0.090380,2180768.000000,13.390850,36.731920,0.092598
16,5,145,139,141,222.000000,0.979106,3.321184,0.019325,3.046064,0.022147,2.254859,0.024498,10.215805,0.020956,0.094944,2406630.000000,13.689858,36.650209,0.085373
16,5,145,139,142,227.000000,0.984858,3.661332,0.019148,3.397739,0.022460,2.539090,0.025394,11.328241,0.021414,0.095541,2873600.000000,14.148211,36.698175,0.082960
16,5,145,139,143,232.000000,1.000425,4.022260,0.018582,3.809185,0.021970,2.899628,0.024986,12.641672,0.021067,0.091846,3156351.000000,14.674594,36.721044,0.058040
16,5,145,139,144,237.000000,1.010178,4.408737,0.017532,4.234618,0.020093,3.263585,0.022304,13.991430,0.019294,0.082716,3522731.000000,15.226920,36.702225,0.052303
16,5,146,140,139,212.000000,1.119386,2.560050,0.019871,2.596782,0.014764,2.152200,0.008827,9.002811,0.012071,0.050493,2270874.000000,15.547376,36.687728,0.094732
16,5,146,140,140,217.000000,1.079673,2.814405,0.018976,2.788478,0.016594,2.247191,0.013366,9.546162,0.014433,0.061312,2407053.000000,16.220951,36.719678,0.070346
16,5,146,140,141,222.000000,1.067921,3.094099,0.019693,3.059510,0.020200,2.452571,0.020077,10.380618,0.018516,0.078371,2532799.000000,16.730808,36.684949,0.091162
16,5,146,140,142,227.000000,1.066223,3.423729,0.020096,3.406493,0.021136,2.739599,0.021614,11.468255,0.019668,0.082332,2592057.000000,17.532885,36.748517,0.039720
16,5,146,140,143,232.000000,1.063481,3.782127,0.020830,3.779507,0.023461,3.044695,0.025636,12.636178,0.022188,0.092084,3180675.000000,18.415014,36.764859,0.018058
16,5,146,140,144,237.000000,1.078680,4.211532,0.022164,4.293195,0.024816,3.520125,0.026971,14.271924,0.023625,0.095785,3594147.000000,19.498109,36.696209,0.000234
16,5,146,140,145,242.000000,1.080567,4.715557,0.021377,4.844903,0.022775,3.994096,0.023734,16.007914,0.021689,0.086928,3940774.000000,20.808270,36.768264,-0.010468
16,5,147,140,139,212.000000,1.076299,2.516115,0.025114,2.459493,0.026916,1.962801,0.027783,8.507723,0.024315,0.105394,2080611.000000,17.945178,36.745914,-0.006085
16,5,147,140,140,217.000000,1.072479,2.832068,0.023005,2.790495,0.025394,2.235465,0.027060,9.542061,0.023372,0.099762,2213937.000000,18.966370,36.802608,-0.048518
16,5,147,140,141,222.000000,1.079026,3.167644,0.022064,3.168109,0.024025,2.567708,0.025329,10.737866,0.022319,0.093336,2715237.000000,19.652687,36.722775,0.081607
16,5,147,140,142,227.000000,1.076239,3.530991,0.021362,3.551618,0.023450,2.885850,0.024992,11.938646,0.021983,0.090943,2984215.000000,20.834998,36.738931,0.030462
16,5,147,140,143,232.000000,1.084509,3.921925,0.020359,4.000957,0.021322,3.288953,0.021771,13.362334,0.020040,0.081417,3377465.000000,22.135892,36.788056,0.053369
16,5,147,140,144,237.000000,1.074621,4.329475,0.018827,4.404721,0.018333,3.601885,0.017376,14.616402,0.017160,0.069634,3553705.000000,23.756506,36.735760,-0.002030
16,5,150,145,145,242.000000,1.017034,2.422325,0.022190,2.241611,0.028517,1.692448,0.034341,7.739585,0.026683,0.122024,1826630.000000,14.802299,36.743103,0.102873
16,5,150,145,146,247.000000,1.037600,2.691086,0.020961,2.561228,0.025191,1.983050,0.028782,8.772180,0.023553,0.104187,2066396.000000,15.478923,36.705728,0.094004
16,5,150,145,147,252.000000,1.045154,2.986391,0.020380,2.886820,0.023236,2.263219,0.025512,9.805663,0.021688,0.093968,2519364.000000,16.202562,36.751481,-0.005855
16,5,150,145,148,257.000000,1.051373,3.299703,0.019021,3.232002,0.022328,2.560440,0.025182,10.898874,0.021072,0.089697,2849411.000000,16.669282,36.774081,0.046852
16,5,150,145,149,262.000000,1.065929,3.614012,0.017789,3.608449,0.020256,2.907979,0.022273,12.102297,0.019160,0.079740,3284031.000000,17.527410,36.744855,0.041054
16,5,150,145,150,267.000000,1.067145,3.942599,0.016906,3.962938,0.018708,3.208148,0.020128,13.217705,0.017710,0.072966,3561851.000000,18.221436,36.718487,0.033756
16,5,150,145,151,272.000000,1.074020,4.280556,0.015636,4.349855,0.018223,3.553718,0.020509,14.443165,0.017432,0.070847,4041855.000000,18.962649,36.787432,0.022999
16,5,150,145,152,277.000000,1.086046,4.611904,0.014369,4.755617,0.017065,3.936984,0.019470,15.735417,0.016425,0.065647,4347023.000000,19.786980,36.724627,0.000552
16,5,159,154,150,267.000000,1.023083,2.022612,0.004884,1.844677,0.011375,1.382390,0.018143,6.500900,0.011583,0.054471,1648238.000000,11.573305,36.657083,0.087507
16,5,159,154,151,272.000000,1.056534,2.072006,0.006288,1.949592,0.011703,1.507793,0.017034,6.877401,0.011571,0.052776,1792033.000000,11.736387,36.656969,-0.033289
16,5,159,154,152,277.000000,1.078818,2.152909,0.008680,2.072833,0.011901,1.639231,0.014833,7.296655,0.011162,0.049687,1878891.000000,11.948631,36.618143,-0.106199
16,5,159,154,153,282.000000,1.083905,2.258870,0.009995,2.196276,0.011996,1.750935,0.013643,7.691879,0.010958,0.048138,1994108.000000,12.079924,36.662006,-0.124903
16,5,159,154,154,287.000000,1.089210,2.378686,0.011748,2.336290,0.013256,1.878110,0.014325,8.139518,0.012013,0.052061,2130360.000000,12.335734,36.619339,-0.079287
16,5,159,154,155,292.000000,1.087188,2.538323,0.013501,2.505980,0.013993,2.019964,0.013966,8.669649,0.012538,0.053811,2209888.000000,12.621866,36.660135,-0.094804
16,5,159,154,156,297.000000,1.079187,2.721379,0.013525,2.686943,0.013282,2.160226,0.012530,9.226475,0.011873,0.050709,2376468.000000,12.970578,36.687242,-0.087228
16,5,159,154,157,302.000000,1.069480,2.906387,0.013140,2.862863,0.012417,2.290642,0.011218,9.765083,0.011120,0.047407,2526432.000000,13.355768,36.736768,-0.067255
16,5,159,154,158,307.000000,1.057763,3.103280,0.012689,3.042426,0.011804,2.417180,0.010470,10.312392,0.010615,0.045285,2597733.000000,13.757052,36.688292,-0.066907
16,5,160,155,151,272.000000,1.021872,1.956466,0.027177,1.775167,0.028977,1.325202,0.029556,6.280857,0.025375,0.120267,1427181.000000,13.724629,36.773197,-0.072988
16,5,160,155,152,277.000000,1.013770,2.222316,0.023334,2.032364,0.026037,1.521037,0.027886,7.077746,0.023481,0.109262,1802722.000000,14.102283,36.607637,-0.002850
16,5,160,155,153,282.000000,1.021514,2.475019,0.021683,2.304330,0.024611,1.749352,0.026808,7.942779,0.022604,0.102629,1948796.000000,14.385335,36.763848,0.001834
16,5,160,155,154,287.000000,1.023713,2.758971,0.019964,2.599494,0.023645,1.990007,0.026798,8.873095,0.022078,0.098440,2228710.000000,14.836448,36.655662,-0.091315
16,5,160,155,155,292.000000,1.041640,3.025826,0.018994,2.918975,0.022695,2.282627,0.025875,9.901738,0.021380,0.092744,2479035.000000,15.335962,36.700680,-0.082525
16,5,160,155,156,297.000000,1.049361,3.333702,0.018471,3.261948,0.021029,2.580635,0.023096,10.990103,0.019806,0.084349,2782694.000000,15.920389,36.707795,-0.081546
16,5,161,155,151,272.000000,1.137778,2.235646,0.012117,2.265859,0.007085,1.887442,0.001423,7.991173,0.004837,0.020480,2028695.000000,15.726539,36.702718,-0.044020
16,5,161,155,152,277.000000,1.098728,2.371096,0.012920,2.346123,0.009944,1.900874,0.006217,8.184449,0.007935,0.034163,2014530.000000,16.324547,36.635141,-0.016962
16,5,161,155,153,282.000000,1.081983,2.541980,0.013965,2.499148,0.012405,2.005627,0.010236,8.640574,0.010675,0.045989,2244253.000000,16.830573,36.758888,-0.046336
16,5,161,155,154,287.000000,1.063359,2.726072,0.015620,2.656136,0.015317,2.106175,0.014415,9.106826,0.013694,0.059213,2306767.000000,17.473857,36.647986,-0.107014
16,5,161,155,155,292.000000,1.060504,2.967789,0.017155,2.905996,0.018022,2.309234,0.018341,9.887699,0.016548,0.070857,2488853.000000,18.254419,36.716425,-0.085329
16,5,161,155,156,297.000000,1.057008,3.235199,0.016531,3.179864,0.017225,2.529709,0.017431,10.743089,0.015924,0.067628,2747711.000000,19.087786,36.721304,-0.096849
16,5,164,150,153,282.000000,1.055401,2.439167,0.016697,2.335261,0.016147,1.826096,0.014911,8.087401,0.014227,0.063008,2075626.000000,19.291997,36.716479,0.063374
16,5,164,150,154,287.000000,1.043369,2.642806,0.015749,2.523802,0.017176,1.962237,0.018084,8.662697,0.015681,0.069229,2244875.000000,20.072646,36.761645,-0.003821
16,5,164,150,155,292.000000,1.052997,2.855377,0.015170,2.768753,0.018866,2.180943,0.022188,9.445840,0.017778,0.077000,2284807.000000,21.103043,36.811038,-0.009188
16,5,164,150,156,297.000000,1.070220,3.075974,0.014763,3.046169,0.018835,2.446146,0.022558,10.342022,0.017897,0.075666,2778340.000000,22.171793,36.733227,-0.095698
16,5,164,150,157,302.000000,1.086532,3.309486,0.014170,3.342512,0.018483,2.732752,0.022511,11.296729,0.017671,0.073047,2995829.000000,23.423573,36.808577,-0.087200
16,5,164,150,158,307.000000,1.107883,3.544937,0.013284,3.663972,0.017547,3.061325,0.021466,12.338215,0.016882,0.068042,3262263.000000,24.784039,36.759138,-0.088287
16,5,173,158,159,312.000000,1.113150,1.985953,0.021219,1.944749,0.018379,1.571605,0.014403,6.945003,0.014790,0.065359,1668781.000000,11.632183,36.610025,0.001974
16,5,173,158,160,317.000000,1.080801,2.196652,0.020073,2.123461,0.018128,1.684788,0.015167,7.458594,0.015153,0.067082,1903791.000000,11.911239,36.553263,-0.001411
16,5,173,158,161,322.000000,1.059136,2.426898,0.019879,2.329680,0.019029,1.827136,0.017327,8.075194,0.016623,0.073467,2057638.000000,12.321209,36.553730,-0.044499
16,5,173,158,162,327.000000,1.045659,2.679100,0.018722,2.566779,0.019108,2.001372,0.018817,8.800935,0.017242,0.075822,2175068.000000,12.706310,36.644100,0.066423
16,5,173,158,163,332.000000,1.042672,2.928479,0.018231,2.820136,0.019523,2.203740,0.020248,9.592678,0.017990,0.078311,2358264.000000,12.961674,36.552742,-0.045134
16,5,173,158,164,337.000000,1.042879,3.212983,0.017836,3.117352,0.019909,2.447576,0.021505,10.526697,0.018623,0.080096,2608256.000000,13.358376,36.539338,-0.041394
16,5,173,158,165,342.000000,1.050236,3.501561,0.016483,3.440761,0.018799,2.730100,0.020697,11.553099,0.017768,0.075191,2898378.000000,13.767845,36.541737,-0.035968
16,5,174,159,159,312.000000,1.012939,1.607698,0.015060,1.408309,0.014321,1.023476,0.012714,5.116083,0.011495,0.057462,1158976.000000,13.368729,36.705667,-0.005198
16,5,174,159,160,317.000000,0.996149,1.728759,0.013085,1.509148,0.015426,1.088539,0.017256,5.410138,0.013585,0.067518,1231093.000000,13.863780,36.652653,0.019141
16,5,174,159,161,322.000000,1.015563,1.833903,0.011289,1.641112,0.015101,1.211313,0.018509,5.851044,0.013951,0.067389,1298524.000000,14.401429,36.609614,0.021681
16,5,174,159,162,327.000000,1.023838,1.935788,0.009577,1.756978,0.012237,1.312741,0.014564,6.226426,0.011223,0.053231,1543743.000000,14.947278,36.633888,0.114453
16,5,174,159,163,332.000000,1.032477,2.019297,0.007812,1.856109,0.011110,1.402494,0.014224,6.549834,0.010471,0.048899,1568391.000000,15.391789,36.603121,-0.110784
16,5,174,159,164,337.000000,1.050964,2.093537,0.007425,1.963198,0.010406,1.512225,0.013156,6.912231,0.009802,0.044803,1611610.000000,15.948258,36.558627,-0.097770
16,5,174,159,165,342.000000,1.057841,2.174748,0.008082,2.060392,0.009034,1.601441,0.009661,7.227350,0.008106,0.036584,1622189.000000,16.525086,36.575541,-0.048880
16,5,174,159,166,347.000000,1.051742,2.269300,0.007232,2.149334,0.006874,1.666939,0.006194,7.498096,0.005932,0.026682,1669811.000000,17.294098,36.563886,-0.067941
16,5,174,159,167,352.000000,1.044148,2.338858,0.007230,2.208145,0.007251,1.704683,0.006971,7.672128,0.006392,0.028770,1788536.000000,18.123385,36.526273,-0.067278
16,5,174,159,168,357.000000,1.042826,2.438400,0.008816,2.309452,0.009756,1.785767,0.010384,7.988531,0.008868,0.039671,1749575.000000,19.211589,36.479206,0.035265
16,5,174,159,169,362.000000,1.044552,2.553835,0.008812,2.433464,0.008556,1.890109,0.007963,8.380555,0.007606,0.033722,1676959.000000,20.261144,36.567922,0.010208
16,5,174,159,170,367.000000,1.030893,2.663435,0.008892,2.517650,0.007788,1.936280,0.006314,8.625922,0.006788,0.030240,1805888.000000,21.084212,36.462654,-0.052643
16,5,174,159,171,372.000000,1.022696,2.790656,0.010964,2.629539,0.011040,2.012362,0.010738,8.966082,0.010019,0.044639,1915913.000000,21.996718,36.436041,-0.012415
16,5,174,159,172,377.000000,1.020964,2.969404,0.011978,2.807960,0.011214,2.152360,0.010054,9.524222,0.010127,0.044814,2026119.000000,23.222838,36.404459,-0.013615
16,5,174,159,173,382.000000,1.004666,3.146340,0.011247,2.944411,0.009268,2.228762,0.006856,9.930636,0.008185,0.036470,2212612.000000,24.579020,36.354039,-0.012299
16,5,178,172,166,347.000000,0.982482,1.794718,0.026023,1.556129,0.032992,1.112334,0.039131,5.539501,0.029937,0.149090,1253664.000000,9.677053,36.501751,0.048027
16,5,178,172,167,352.000000,0.999496,2.028239,0.023036,1.812832,0.026604,1.329967,0.029244,6.368691,0.024055,0.115191,1503050.000000,9.656985,36.464725,-0.028375
16,5,178,172,168,357.000000,0.995132,2.261941,0.021423,2.038413,0.025330,1.501276,0.028582,7.071507,0.023234,0.109439,1555326.000000,9.723965,36.430347,-0.006355
16,5,178,172,169,362.000000,1.014880,2.512805,0.020302,2.329160,0.024020,1.759061,0.027068,8.011676,0.022312,0.101623,1724352.000000,9.928544,36.493578,0.033500
16,5,178,172,170,367.000000,1.017261,2.772092,0.019536,2.597868,0.021686,1.977416,0.023236,8.859110,0.020060,0.089870,1950184.000000,9.956115,36.407667,0.023002
16,5,178,172,171,372.000000,1.020135,3.054366,0.019206,2.892536,0.023424,2.218536,0.027242,9.788784,0.022139,0.097682,2257857.000000,9.992189,36.349133,0.008115
16,5,178,172,172,377.000000,1.044970,3.358714,0.019865,3.275419,0.023045,2.581788,0.025675,11.026223,0.021792,0.093069,2651527.000000,10.153057,36.324359,0.010286
16,5,178,172,173,382.000000,1.042767,3.721559,0.019500,3.647369,0.020396,2.881415,0.020797,12.191640,0.019118,0.080892,3060208.000000,10.367906,36.310677,-0.001164
16,5,179,172,166,347.000000,1.189515,1.944176,0.032248,2.008975,0.033123,1.719919,0.032277,7.265326,0.027771,0.117312,1732604.000000,11.471463,36.498675,0.030065
16,5,179,172,167,352.000000,1.166588,2.257651,0.027062,2.341690,0.028167,1.997491,0.028046,8.274162,0.024418,0.101146,2042421.000000,11.731357,36.488835,0.002463
16,5,179,172,168,357.000000,1.156781,2.555134,0.023432,2.668562,0.025508,2.280131,0.026693,9.285699,0.022902,0.093269,2336747.000000,12.130732,36.409391,0.009117
16,5,179,172,169,362.000000,1.159054,2.856365,0.020633,3.022383,0.023976,2.606133,0.026685,10.400811,0.022133,0.088332,2600591.000000,12.602544,36.496576,-0.010907
16,5,179,172,170,367.000000,1.173002,3.144492,0.017326,3.393217,0.022073,2.975576,0.026423,11.587749,0.020863,0.081245,2988505.000000,12.848399,36.396516,0.013549
16,5,179,172,171,372.000000,1.199643,3.401176,0.014896,3.771354,0.021515,3.392365,0.027950,12.818316,0.020767,0.078471,3412754.000000,13.158582,36.384700,0.011388
16,5,179,172,172,377.000000,1.242317,3.651118,0.013691,4.204642,0.020610,3.923733,0.027085,14.249787,0.020091,0.072965,3986227.000000,13.563267,36.331494,0.001909
16,5,180,173,166,347.000000,1.107207,1.842074,0.021708,1.776476,0.023296,1.418247,0.023794,6.407460,0.019864,0.089743,1478462.000000,13.366412,36.557485,0.013466
16,5,180,173,167,352.000000,1.097996,2.042016,0.019353,1.983403,0.022041,1.586975,0.023936,7.043845,0.019493,0.086522,1657926.000000,13.837050,36.540506,-0.023742
16,5,180,173,168,357.000000,1.106984,2.237270,0.018143,2.213646,0.021891,1.798098,0.024990,7.780537,0.019945,0.086305,1794799.000000,14.517869,36.446386,-0.054889
16,5,180,173,169,362.000000,1.117720,2.447926,0.017351,2.467994,0.020349,2.036328,0.022728,8.595697,0.018611,0.078560,2092087.000000,15.235030,36.516393,-0.052162
16,5,180,173,170,367.000000,1.121647,2.662010,0.016562,2.715846,0.019285,2.260905,0.021472,9.380277,0.017749,0.073640,2199045.000000,15.714365,36.417737,-0.028153
16,5,180,173,171,372.000000,1.130590,2.888805,0.016713,2.991744,0.018184,2.521796,0.019085,10.260616,0.016670,0.067827,2380473.000000,16.231188,36.391893,0.026386
16,5,180,173,172,377.000000,1.122573,3.144821,0.016282,3.259855,0.016449,2.742188,0.016074,11.090730,0.014970,0.060544,2633239.000000,16.888656,36.365163,0.018228
16,5,181,173,166,347.000000,1.171860,1.969921,0.023440,2.013768,0.022761,1.703359,0.020814,7.252276,0.018807,0.080074,1755587.000000,15.193231,36.489581,-0.039598
16,5,181,173,167,352.000000,1.147562,2.200797,0.018882,2.242942,0.017885,1.880624,0.015948,7.934252,0.014997,0.063273,1975429.000000,15.878756,36.481892,-0.041566
16,5,181,173,168,357.000000,1.126495,2.385484,0.016974,2.414908,0.016616,2.003279,0.015488,8.442202,0.014391,0.060646,2200908.000000,16.781776,36.489029,0.107773
16,5,181,173,169,362.000000,1.117653,2.605700,0.016296,2.644199,0.016057,2.190894,0.015165,9.149160,0.014200,0.059300,2136801.000000,17.648180,36.542325,-0.057750
16,5,181,173,170,367.000000,1.103437,2.810114,0.016524,2.839491,0.017510,2.335525,0.017924,9.741402,0.015905,0.066338,2321838.000000,18.340156,36.414436,-0.065371
16,5,181,173,171,372.000000,1.109250,3.070040,0.016933,3.141387,0.019221,2.609510,0.020999,10.698508,0.017892,0.073355,2547659.000000,19.088900,36.405501,-0.052364
16,5,188,179,173,382.000000,1.301497,2.030160,0.017987,2.278734,0.014085,2.123724,0.009080,8.300862,0.010222,0.039954,2263320.000000,13.230261,36.323806,-0.020242
16,5,188,179,174,387.000000,1.255135,2.212742,0.017112,2.439214,0.014496,2.220145,0.010836,8.725115,0.011274,0.044306,2410407.000000,13.742863,36.333542,-0.031653
16,5,188,179,175,392.000000,1.226896,2.408809,0.017229,2.632323,0.016001,2.364293,0.013902,9.284529,0.013403,0.052634,2342491.000000,14.632001,36.278000,-0.031101
16,5,188,179,176,397.000000,1.207650,2.627750,0.017421,2.860424,0.016494,2.548833,0.014790,9.969541,0.014242,0.055707,2503621.000000,15.100445,36.287581,-0.032698
16,5,188,179,177,402.000000,1.188637,2.866578,0.018049,3.104119,0.018271,2.741255,0.017791,10.704413,0.016314,0.063707,2925796.000000,15.950482,36.282673,-0.001197
16,5,188,179,178,407.000000,1.185733,3.145132,0.017713,3.427565,0.018873,3.036538,0.019449,11.715902,0.017267,0.066621,3073557.000000,16.833703,36.276577,0.000394
16,5,189,179,173,382.000000,1.293548,1.904837,0.021756,2.104913,0.022034,1.936649,0.021043,7.740881,0.017789,0.071104,2070261.000000,15.055658,36.305108,-0.016901
16,5,189,179,174,387.000000,1.270408,2.112046,0.019199,2.336806,0.018989,2.140411,0.017748,8.429396,0.015608,0.061468,2217784.000000,15.754125,36.318598,0.007683
16,5,189,179,175,392.000000,1.247784,2.310325,0.017970,2.548659,0.017378,2.316539,0.015876,9.056539,0.014574,0.056979,2396033.000000,16.861876,36.323394,0.018433
16,5,189,179,176,397.000000,1.227954,2.527219,0.016351,2.779717,0.015133,2.508187,0.013143,9.749333,0.012823,0.049841,2575696.000000,17.558265,36.343791,0.019274
16,5,189,179,177,402.000000,1.204573,2.723546,0.014417,2.969323,0.012771,2.646198,0.010431,10.306653,0.010815,0.042122,2598006.000000,18.626831,36.307062,0.042620
16,5,193,178,174,387.000000,1.072601,2.208187,0.022411,2.121610,0.030213,1.672212,0.037551,7.440874,0.028154,0.125277,1717598.000000,11.577524,36.287178,0.057608
16,5,193,178,175,392.000000,1.100296,2.455627,0.021980,2.442109,0.026711,1.986180,0.030659,8.488321,0.024699,0.105556,1953447.000000,12.242837,36.262687,0.055490
16,5,193,178,176,397.000000,1.104778,2.747925,0.022102,2.773919,0.025114,2.281162,0.027411,9.537399,0.023118,0.096656,2347675.000000,12.492075,36.274988,-0.008133
16,5,193,178,177,402.000000,1.111261,3.062961,0.021620,3.138738,0.023701,2.611467,0.025107,10.693196,0.021915,0.089735,2666518.000000,13.061155,36.252668,-0.010259
16,5,193,178,178,407.000000,1.108979,3.410138,0.022052,3.517847,0.022671,2.936828,0.022632,11.880787,0.020945,0.084734,3087953.000000,13.596678,36.207785,0.003471
16,5,193,178,179,412.000000,1.099838,3.814978,0.021866,3.936266,0.022306,3.276127,0.022156,13.181677,0.020785,0.083629,3564910.000000,14.239347,36.194805,0.009256
16,5,193,178,180,417.000000,1.096489,4.244339,0.021851,4.395857,0.022591,3.662692,0.022812,14.620563,0.021275,0.084923,4181737.000000,15.225140,36.210405,0.008024
16,5,193,178,181,422.000000,1.093529,4.742399,0.021005,4.929329,0.021645,4.111643,0.021838,16.292147,0.020520,0.081310,4338686.000000,16.352327,36.250528,0.023392
16,5,200,192,180,417.000000,0.993975,2.380541,0.029715,2.154174,0.040778,1.590115,0.051516,7.433631,0.038525,0.180101,1790694.000000,9.576469,36.173607,0.030121
16,5,200,192,181,422.000000,1.032095,2.734232,0.026388,2.593389,0.033697,1.999694,0.040254,8.865534,0.031884,0.141355,2192675.000000,9.916431,36.195308,0.016596
16,5,200,192,182,427.000000,1.052838,3.102048,0.025784,3.028075,0.029349,2.395077,0.032156,10.260296,0.027492,0.117772,2612799.000000,9.879165,36.169339,-0.004155
16,5,200,192,183,432.000000,1.052569,3.534073,0.023980,3.482097,0.026233,2.769854,0.027880,11.686266,0.024630,0.103918,3015536.000000,9.989363,36.175378,0.009844
16,5,200,192,184,437.000000,1.058909,3.949505,0.023451,3.941536,0.023939,3.167317,0.023847,13.138665,0.022478,0.093244,3500701.000000,10.132852,36.163700,0.008948
16,5,200,192,185,442.000000,1.044766,4.460260,0.024176,4.425680,0.023337,3.525179,0.021935,14.639589,0.021934,0.091091,3679565.000000,10.435088,36.152943,0.003912
16,5,200,192,186,447.000000,1.035099,5.027826,0.022577,4.974365,0.022060,3.940564,0.021083,16.349778,0.020920,0.086799,4244888.000000,10.507079,36.116515,0.007710
16,5,202,193,182,427.000000,1.078487,2.765757,0.018983,2.733222,0.025535,2.198176,0.031779,9.370846,0.024206,0.103190,2487170.000000,15.655186,36.233429,0.064686
16,5,202,193,183,432.000000,1.104208,3.028274,0.018203,3.082186,0.023118,2.547456,0.027549,10.504997,0.021894,0.090286,2894322.000000,16.520525,36.258496,0.031538
16,5,202,193,184,437.000000,1.119975,3.316991,0.017824,3.445761,0.020753,2.899979,0.023187,11.670846,0.019505,0.078496,3377781.000000,17.451768,36.203240,-0.027857
16,5,202,193,185,442.000000,1.124033,3.619499,0.016715,3.797298,0.018515,3.219875,0.019870,12.781373,0.017377,0.068979,3720261.000000,18.871844,36.249568,0.039079
16,5,203,193,182,427.000000,1.129616,2.766864,0.013709,2.851656,0.016518,2.395570,0.018931,9.819031,0.015339,0.062874,2743767.000000,18.197622,36.269143,0.091669
16,5,203,193,183,432.000000,1.138237,2.956513,0.014042,3.087177,0.015712,2.622325,0.016925,10.572124,0.014500,0.058458,2780042.000000,19.288231,36.195368,0.063514
16,5,203,193,184,437.000000,1.135583,3.182025,0.015491,3.336714,0.016168,2.839408,0.016347,11.351999,0.014832,0.059297,3214726.000000,20.551785,36.186030,-0.031860
16,5,203,193,185,442.000000,1.130953,3.449432,0.015504,3.626658,0.015990,3.086480,0.016010,12.255810,0.014749,0.058566,3472976.000000,22.232093,36.248624,0.046191
16,5,209,200,187,452.000000,1.066661,3.025888,0.029232,2.983430,0.037321,2.386207,0.044909,10.139792,0.035311,0.150048,2760636.000000,12.521225,36.116936,0.023189
16,5,209,200,188,457.000000,1.094949,3.468148,0.027513,3.540156,0.034167,2.922015,0.040209,11.930025,0.032527,0.132803,3081274.000000,13.031903,36.119159,0.013450
16,5,209,200,189,462.000000,1.121283,3.980089,0.026934,4.192992,0.034150,3.561110,0.040921,14.020315,0.032774,0.129035,3776479.000000,13.682046,36.165548,0.019671
16,5,209,200,190,467.000000,1.158571,4.540160,0.024672,4.972042,0.031337,4.379240,0.037364,16.525089,0.030315,0.114393,4333997.000000,14.640466,36.157073,0.013668
16,5,210,201,188,457.000000,1.142806,3.147317,0.024265,3.316502,0.027579,2.837574,0.030193,11.299596,0.025619,0.102016,2954897.000000,16.338165,36.152428,0.036919
16,5,210,201,189,462.000000,1.149701,3.529173,0.022657,3.773830,0.025512,3.265953,0.027759,12.746991,0.023901,0.093287,3522541.000000,17.354133,36.197157,-0.021375
16,5,210,201,190,467.000000,1.156992,3.946932,0.022323,4.279297,0.025639,3.744169,0.028443,14.346302,0.024261,0.092959,3985152.000000,18.828081,36.180518,0.025110
16,5,210,201,191,472.000000,1.171225,4.410245,0.021011,4.871005,0.024295,4.330908,0.027095,16.227548,0.023186,0.086875,4406114.000000,20.619272,36.181869,0.022667
16,5,211,201,188,457.000000,1.162260,3.158385,0.022924,3.380970,0.017868,2.939865,0.012023,11.532361,0.015411,0.060452,3135375.000000,19.366406,36.185882,0.029752
16,5,211,201,189,462.000000,1.123087,3.520401,0.021745,3.683034,0.017136,3.116596,0.011740,12.420965,0.015045,0.059961,3258432.000000,20.698790,36.199910,0.038890
16,5,211,201,190,467.000000,1.087104,3.923912,0.020567,4.012084,0.016403,3.305751,0.011444,13.401090,0.014628,0.059298,3674746.000000,22.693232,36.211163,0.017474
16,5,212,209,191,472.000000,1.138724,2.713313,0.029213,2.811442,0.033542,2.376725,0.036923,9.706624,0.030767,0.125651,2621409.000000,14.459110,36.149456,0.023184
16,5,212,209,192,477.000000,1.146442,3.109633,0.026459,3.282956,0.029658,2.815506,0.032046,11.199819,0.027478,0.109305,2635255.000000,15.420876,36.098869,0.017026
16,5,212,209,193,482.000000,1.150795,3.536083,0.025774,3.785103,0.028562,3.278980,0.030645,12.784103,0.026692,0.104067,3551886.000000,16.575083,36.104536,-0.002948
16,5,212,209,194,487.000000,1.156721,4.021016,0.024983,4.364056,0.026728,3.820362,0.027832,14.612158,0.025106,0.096025,3910316.000000,17.410118,36.075580,-0.020013
16,5,212,209,195,492.000000,1.153359,4.540668,0.022889,4.951550,0.023730,4.342272,0.024039,16.452587,0.022373,0.084768,4510159.000000,18.723425,36.077938,0.007103
16,5,213,209,191,472.000000,1.184684,2.660280,0.031471,2.850401,0.035836,2.497104,0.039098,9.901011,0.032598,0.129251,2522327.000000,17.074151,36.179044,0.025225
16,5,213,209,192,477.000000,1.190450,3.078892,0.027351,3.361139,0.028217,2.985266,0.028131,11.514773,0.025649,0.098934,2964737.000000,18.428213,36.103209,-0.041192
16,5,213,209,193,482.000000,1.168255,3.502401,0.025847,3.798806,0.024543,3.336892,0.022384,12.854452,0.022274,0.085803,3613093.000000,20.036259,36.110069,-0.016669
16,5,213,209,194,487.000000,1.148707,3.984165,0.024031,4.293464,0.019998,3.732183,0.015327,14.377928,0.018063,0.069588,3858941.000000,21.284974,36.074935,-0.003786
16,5,213,209,195,492.000000,1.102815,4.459855,0.021332,4.657394,0.015628,3.908922,0.009043,15.451587,0.013897,0.054934,4176446.000000,23.086689,36.127626,-0.012173
16,5,216,208,192,477.000000,1.000656,2.911617,0.032892,2.698643,0.039550,2.027464,0.045468,9.153113,0.037181,0.167855,2125185.000000,9.725007,36.059197,0.009142
16,5,216,208,193,482.000000,1.019081,3.390469,0.030570,3.232293,0.036285,2.488385,0.041313,10.854713,0.034434,0.150206,2517116.000000,9.940382,36.044312,-0.008770
16,5,216,208,194,487.000000,1.039311,3.948073,0.028247,3.871471,0.033020,3.055491,0.037120,12.890824,0.031590,0.133276,3063665.000000,9.834602,36.010936,0.006494
16,5,220,216,195,492.000000,0.945001,2.283358,0.026949,1.966130,0.031284,1.380569,0.034776,6.778850,0.028796,0.141393,1549313.000000,8.951436,36.049447,0.095337
16,5,220,216,196,497.000000,0.952690,2.591031,0.025404,2.273674,0.030076,1.620624,0.034069,7.754866,0.028110,0.134508,1803786.000000,9.132295,36.002826,0.046013
16,5,220,216,197,502.000000,0.969430,2.941573,0.025382,2.649969,0.030137,1.932699,0.034244,8.958725,0.028441,0.131834,2087182.000000,9.314863,35.958370,0.032169
16,5,220,216,198,507.000000,0.982568,3.337671,0.025042,3.072303,0.028886,2.282459,0.032132,10.302817,0.027356,0.123483,2271248.000000,9.530379,35.963986,0.021481
16,5,220,216,199,512.000000,0.992429,3.777390,0.025250,3.537426,0.029383,2.666103,0.033015,11.777173,0.028028,0.123809,2704231.000000,9.745596,35.925297,0.019247
16,5,220,216,200,517.000000,1.009028,4.291445,0.023957,4.111692,0.027933,3.162668,0.031402,13.603681,0.026853,0.115504,3127914.000000,9.993329,35.865366,0.022868
16,5,221,216,195,492.000000,1.032301,2.364723,0.027000,2.212417,0.036261,1.691173,0.045072,7.668964,0.034045,0.154382,1836553.000000,11.140989,36.010172,0.031440
16,5,221,216,196,497.000000,1.064339,2.683956,0.023920,2.613535,0.030998,2.072299,0.037435,8.974399,0.029281,0.126805,2026694.000000,11.657573,35.995221,0.027720
16,5,221,216,197,502.000000,1.090073,3.006732,0.022777,3.022554,0.027934,2.466945,0.032457,10.296746,0.026325,0.109878,2771374.000000,12.267462,35.970051,-0.040470
16,5,221,216,198,507.000000,1.104094,3.368794,0.022194,3.457859,0.026848,2.872985,0.030985,11.685041,0.025401,0.103311,2842256.000000,12.822019,35.996058,-0.014412
16,5,221,216,199,512.000000,1.124635,3.754401,0.021345,3.950903,0.025330,3.357134,0.028801,13.264848,0.024060,0.095066,3209838.000000,13.414494,35.942441,0.007360
16,5,221,216,200,517.000000,1.135529,4.170166,0.019940,4.458632,0.022775,3.839862,0.025143,14.876528,0.021667,0.083945,3832796.000000,14.067900,35.870450,0.022821
16,5,222,217,196,497.000000,1.112483,2.220851,0.026618,2.205063,0.028057,1.798264,0.028329,7.761800,0.024674,0.106499,1909931.000000,14.100985,36.034746,0.077575
16,5,222,217,197,502.000000,1.102941,2.516420,0.024214,2.514403,0.025909,2.052980,0.026687,8.719370,0.023280,0.098873,2304497.000000,15.011536,36.008366,0.049639
16,5,222,217,198,507.000000,1.101264,2.830180,0.024369,2.856509,0.027260,2.346136,0.029380,9.791636,0.025084,0.104688,2409784.000000,15.821049,36.042406,-0.005652
16,5,222,217,199,512.000000,1.109525,3.206118,0.023416,3.293083,0.026695,2.742284,0.029318,11.175486,0.024938,0.101628,2756825.000000,16.765467,35.962667,0.041729
16,5,222,217,200,517.000000,1.118118,3.580914,0.022925,3.735591,0.025999,3.150122,0.028488,12.578570,0.024461,0.097674,3050710.000000,17.877100,35.899031,0.008102
16,5,222,217,201,522.000000,1.126548,4.027046,0.023363,4.264307,0.026536,3.639687,0.029179,14.252339,0.025153,0.098494,3855776.000000,19.278762,35.949483,0.030697
16,5,222,217,202,527.000000,1.137825,4.521771,0.021882,4.867149,0.024772,4.212138,0.027181,16.163437,0.023647,0.090742,3868804.000000,20.966934,35.921566,0.021756
16,5,223,217,196,497.000000,1.131438,2.615451,0.026216,2.684498,0.027693,2.250457,0.028167,9.296666,0.024908,0.102896,2463343.000000,16.403056,36.041953,0.033727
16,5,223,217,197,502.000000,1.124898,2.958281,0.022122,3.056207,0.023739,2.567398,0.024627,10.454476,0.021724,0.088460,2493831.000000,17.617450,36.023627,0.047080
16,5,223,217,198,507.000000,1.126082,3.269871,0.020062,3.410015,0.021952,2.882737,0.023253,11.567793,0.020374,0.081758,3159786.000000,18.823077,36.040002,0.067280
16,5,223,217,199,512.000000,1.128297,3.614281,0.017380,3.804782,0.019059,3.237708,0.020275,12.811355,0.017844,0.070608,3132559.000000,20.068518,36.014913,0.006267
16,5,223,217,200,517.000000,1.131298,3.898025,0.014558,4.135174,0.015980,3.539168,0.017036,13.853889,0.015050,0.058914,3573314.000000,21.508213,35.943907,-0.019372
16,5,228,220,201,522.000000,1.026800,2.496392,0.027170,2.337036,0.027870,1.783743,0.027548,8.052826,0.025087,0.113259,1844199.000000,9.113435,35.874214,-0.010132
16,5,228,220,202,527.000000,1.017386,2.835526,0.025447,2.662697,0.028028,2.029436,0.029860,9.062947,0.025900,0.115661,2076276.000000,9.274310,35.820004,-0.006759
16,5,228,220,203,532.000000,1.028750,3.217939,0.025109,3.083336,0.028172,2.389741,0.030554,10.400100,0.026433,0.115035,2275248.000000,9.460598,35.872297,0.000492
16,5,228,220,204,537.000000,1.031930,3.643532,0.024384,3.531344,0.025330,2.759596,0.025645,11.811977,0.023728,0.101565,2704086.000000,9.670245,35.893057,0.000245
16,5,228,220,205,542.000000,1.023434,4.106379,0.024251,3.977831,0.025654,3.097433,0.026521,13.202886,0.024264,0.103426,3277376.000000,9.895416,35.938002,-0.003483
16,5,228,220,206,547.000000,1.030221,4.639382,0.024130,4.551821,0.024890,3.581068,0.025153,15.015524,0.023679,0.099289,3589840.000000,10.156141,35.910389,0.006576
16,5,228,220,207,552.000000,1.020769,5.225853,0.024074,5.110781,0.023525,3.998182,0.022516,16.758478,0.022398,0.093881,4081156.000000,10.491751,35.944189,0.010105
16,5,228,220,208,557.000000,1.013041,5.897469,0.022776,5.754141,0.022362,4.481279,0.021561,18.769057,0.021424,0.089732,4565567.000000,10.818263,35.998429,0.011222
16,5,229,220,201,522.000000,1.085436,2.334253,0.033581,2.280845,0.035193,1.825167,0.035417,7.959800,0.031291,0.136466,1714323.000000,11.446243,35.912552,0.029920
16,5,229,220,202,527.000000,1.074797,2.726183,0.029289,2.682189,0.031941,2.148372,0.033624,9.205163,0.029179,0.125024,2037106.000000,12.026035,35.895771,0.026014
16,5,229,220,203,532.000000,1.081698,3.132721,0.027890,3.137558,0.031491,2.547529,0.034307,10.645780,0.029372,0.122741,2595773.000000,12.663141,35.911842,0.022837
16,5,229,220,204,537.000000,1.090426,3.599884,0.026101,3.670237,0.031005,3.022353,0.035362,12.332024,0.029395,0.119941,3017946.000000,13.394184,35.891879,-0.039988
16,5,229,220,205,542.000000,1.115462,4.072342,0.023203,4.275522,0.028314,3.616281,0.032847,14.270815,0.027171,0.107226,3523589.000000,13.989870,35.956485,-0.026173
16,5,230,221,201,522.000000,1.155425,2.233414,0.030814,2.294048,0.032571,1.937937,0.032940,8.107015,0.028515,0.119288,1841966.000000,13.820039,35.924457,0.062795
16,5,230,221,202,527.000000,1.143917,2.577517,0.027174,2.667650,0.029420,2.257113,0.030643,9.262881,0.026450,0.108546,2205073.000000,14.743137,35.911332,0.054262
16,5,230,221,203,532.000000,1.145396,2.933839,0.025837,3.078864,0.028054,2.629594,0.029402,10.557030,0.025686,0.103122,2540166.000000,15.677865,35.923897,0.046983
16,5,230,221,204,537.000000,1.142732,3.335539,0.024473,3.531392,0.026940,3.030270,0.028707,11.974577,0.025025,0.098889,2943700.000000,16.799436,35.958926,-0.004118
16,5,230,221,205,542.000000,1.150423,3.750144,0.023456,4.030232,0.025638,3.499496,0.027193,13.553623,0.024036,0.093092,3399319.000000,17.829034,36.044929,0.005221
16,5,230,221,206,547.000000,1.150271,4.215183,0.022065,4.564657,0.023416,3.981881,0.024229,15.232332,0.022041,0.084317,3945527.000000,19.187013,35.965655,0.024622
16,5,241,228,209,562.000000,1.085381,3.394039,0.016819,3.431015,0.019778,2.805557,0.022340,11.573084,0.018654,0.076949,2875730.000000,12.926045,35.964680,0.077754
16,5,241,228,210,567.000000,1.094567,3.679464,0.016764,3.770310,0.019828,3.118938,0.022515,12.652512,0.018820,0.076345,3353439.000000,13.677347,36.066830,0.056161
16,5,241,228,211,572.000000,1.107431,4.010874,0.017236,4.178580,0.020646,3.507773,0.023699,13.954228,0.019714,0.078423,3586655.000000,14.017340,36.090530,-0.010689
16,5,241,228,212,577.000000,1.121778,4.370798,0.016469,4.633012,0.019617,3.950242,0.022402,15.403428,0.018817,0.073373,4412545.000000,14.696630,36.157833,0.031340
